"1"$"Cod. bibl. 2° 1"$""$"https://digital.wlb-stuttgart.de/purl/bsz409738735"$"https://digital.wlb-stuttgart.de/content/urn:nbn:de:bsz:24-digibib-bsz4097387356/jpg/thumbs/00000001.jpg"$"Komplett"$"Original"$"Standard"$"Einzelseite"$""$""$"Württembergische Landesbibliothek Stuttgart"$"https://d-nb.info/gnd/40657-0"$"Stuttgart"$"https://d-nb.info/gnd/4058282-6"$"Württembergische Landesbibliothek Stuttgart"$"https://d-nb.info/gnd/40657-0"$"Stuttgart"$"https://d-nb.info/gnd/4058282-6"
"2"$"Cod. bibl. 2° 10"$""$"https://digital.wlb-stuttgart.de/purl/bsz409758485"$"https://digital.wlb-stuttgart.de/content/urn:nbn:de:bsz:24-digibib-bsz4097584858/jpg/thumbs/00000001.jpg"$"Komplett"$"Original"$"Standard"$"Einzelseite"$""$""$"Württembergische Landesbibliothek Stuttgart"$"https://d-nb.info/gnd/40657-0"$"Stuttgart"$"https://d-nb.info/gnd/4058282-6"$"Württembergische Landesbibliothek Stuttgart"$"https://d-nb.info/gnd/40657-0"$"Stuttgart"$"https://d-nb.info/gnd/4058282-6"
"3"$"Cod. bibl. 2° 11"$""$"https://digital.wlb-stuttgart.de/purl/bsz409758809"$"https://digital.wlb-stuttgart.de/content/urn:nbn:de:bsz:24-digibib-bsz4097588094/jpg/thumbs/00000001.jpg"$"Komplett"$"Original"$"Standard"$"Einzelseite"$""$""$"Württembergische Landesbibliothek Stuttgart"$"https://d-nb.info/gnd/40657-0"$"Stuttgart"$"https://d-nb.info/gnd/4058282-6"$"Württembergische Landesbibliothek Stuttgart"$"https://d-nb.info/gnd/40657-0"$"Stuttgart"$"https://d-nb.info/gnd/4058282-6"
"4"$"Cod. bibl. 2° 12a"$""$"https://digital.wlb-stuttgart.de/purl/bsz323947646"$"https://digital.wlb-stuttgart.de/content/urn:nbn:de:bsz:24-digibib-bsz3239476462/jpg/thumbs/00000001.jpg"$"Komplett"$"Original"$"Standard"$"Einzelseite"$""$""$"Württembergische Landesbibliothek Stuttgart"$"https://d-nb.info/gnd/40657-0"$"Stuttgart"$"https://d-nb.info/gnd/4058282-6"$"Württembergische Landesbibliothek Stuttgart"$"https://d-nb.info/gnd/40657-0"$"Stuttgart"$"https://d-nb.info/gnd/4058282-6"
"5"$"Cod. bibl. 2° 12b"$""$"https://digital.wlb-stuttgart.de/purl/bsz323947743"$"https://digital.wlb-stuttgart.de/content/urn:nbn:de:bsz:24-digibib-bsz3239477435/jpg/thumbs/00000001.jpg"$"Komplett"$"Original"$"Standard"$"Einzelseite"$""$""$"Württembergische Landesbibliothek Stuttgart"$"https://d-nb.info/gnd/40657-0"$"Stuttgart"$"https://d-nb.info/gnd/4058282-6"$"Württembergische Landesbibliothek Stuttgart"$"https://d-nb.info/gnd/40657-0"$"Stuttgart"$"https://d-nb.info/gnd/4058282-6"
"6"$"Cod. bibl. 2° 12c"$""$"https://digital.wlb-stuttgart.de/purl/bsz323947786"$"https://digital.wlb-stuttgart.de/content/urn:nbn:de:bsz:24-digibib-bsz3239477868/jpg/thumbs/00000001.jpg"$"Komplett"$"Original"$"Standard"$"Einzelseite"$""$""$"Württembergische Landesbibliothek Stuttgart"$"https://d-nb.info/gnd/40657-0"$"Stuttgart"$"https://d-nb.info/gnd/4058282-6"$"Württembergische Landesbibliothek Stuttgart"$"https://d-nb.info/gnd/40657-0"$"Stuttgart"$"https://d-nb.info/gnd/4058282-6"
"7"$"Cod. bibl. 2° 13"$""$"https://digital.wlb-stuttgart.de/purl/bsz40975482X"$"https://digital.wlb-stuttgart.de/content/urn:nbn:de:bsz:24-digibib-bsz40975482X8/jpg/thumbs/00000001.jpg"$"Komplett"$"Original"$"Standard"$"Einzelseite"$""$""$"Württembergische Landesbibliothek Stuttgart"$"https://d-nb.info/gnd/40657-0"$"Stuttgart"$"https://d-nb.info/gnd/4058282-6"$"Württembergische Landesbibliothek Stuttgart"$"https://d-nb.info/gnd/40657-0"$"Stuttgart"$"https://d-nb.info/gnd/4058282-6"
"8"$"Cod. bibl. 2° 14"$""$"https://digital.wlb-stuttgart.de/purl/bsz34577969X"$"https://digital.wlb-stuttgart.de/content/urn:nbn:de:bsz:24-digibib-bsz34577969X6/jpg/thumbs/00000001.jpg"$"Komplett"$"Original"$"Standard"$"Einzelseite"$""$""$"Württembergische Landesbibliothek Stuttgart"$"https://d-nb.info/gnd/40657-0"$"Stuttgart"$"https://d-nb.info/gnd/4058282-6"$"Württembergische Landesbibliothek Stuttgart"$"https://d-nb.info/gnd/40657-0"$"Stuttgart"$"https://d-nb.info/gnd/4058282-6"
"9"$"Cod. bibl. 2° 15"$""$"https://digital.wlb-stuttgart.de/purl/bsz409754994"$"https://digital.wlb-stuttgart.de/content/urn:nbn:de:bsz:24-digibib-bsz4097549944/jpg/thumbs/00000001.jpg"$"Komplett"$"Original"$"Standard"$"Einzelseite"$""$""$"Württembergische Landesbibliothek Stuttgart"$"https://d-nb.info/gnd/40657-0"$"Stuttgart"$"https://d-nb.info/gnd/4058282-6"$"Württembergische Landesbibliothek Stuttgart"$"https://d-nb.info/gnd/40657-0"$"Stuttgart"$"https://d-nb.info/gnd/4058282-6"
"10"$"Cod. bibl. 2° 16"$""$"https://digital.wlb-stuttgart.de/purl/bsz409755273"$"https://digital.wlb-stuttgart.de/content/urn:nbn:de:bsz:24-digibib-bsz4097552734/jpg/thumbs/00000001.jpg"$"Komplett"$"Original"$"Standard"$"Einzelseite"$""$""$"Württembergische Landesbibliothek Stuttgart"$"https://d-nb.info/gnd/40657-0"$"Stuttgart"$"https://d-nb.info/gnd/4058282-6"$"Württembergische Landesbibliothek Stuttgart"$"https://d-nb.info/gnd/40657-0"$"Stuttgart"$"https://d-nb.info/gnd/4058282-6"
"11"$"Cod. bibl. 2° 17"$""$"https://digital.wlb-stuttgart.de/purl/bsz40975577X"$"https://digital.wlb-stuttgart.de/content/urn:nbn:de:bsz:24-digibib-bsz40975577X2/jpg/thumbs/00000001.jpg"$"Komplett"$"Original"$"Standard"$"Einzelseite"$""$""$"Württembergische Landesbibliothek Stuttgart"$"https://d-nb.info/gnd/40657-0"$"Stuttgart"$"https://d-nb.info/gnd/4058282-6"$"Württembergische Landesbibliothek Stuttgart"$"https://d-nb.info/gnd/40657-0"$"Stuttgart"$"https://d-nb.info/gnd/4058282-6"
"12"$"Cod. bibl. 2° 18"$""$"https://digital.wlb-stuttgart.de/purl/bsz409756156"$"https://digital.wlb-stuttgart.de/content/urn:nbn:de:bsz:24-digibib-bsz4097561562/jpg/thumbs/00000001.jpg"$"Komplett"$"Original"$"Standard"$"Einzelseite"$""$""$"Württembergische Landesbibliothek Stuttgart"$"https://d-nb.info/gnd/40657-0"$"Stuttgart"$"https://d-nb.info/gnd/4058282-6"$"Württembergische Landesbibliothek Stuttgart"$"https://d-nb.info/gnd/40657-0"$"Stuttgart"$"https://d-nb.info/gnd/4058282-6"
"13"$"Cod. bibl. 2° 19"$""$"https://digital.wlb-stuttgart.de/purl/bsz40975644X"$"https://digital.wlb-stuttgart.de/content/urn:nbn:de:bsz:24-digibib-bsz40975644X8/jpg/thumbs/00000001.jpg"$"Komplett"$"Original"$"Standard"$"Einzelseite"$""$""$"Württembergische Landesbibliothek Stuttgart"$"https://d-nb.info/gnd/40657-0"$"Stuttgart"$"https://d-nb.info/gnd/4058282-6"$"Württembergische Landesbibliothek Stuttgart"$"https://d-nb.info/gnd/40657-0"$"Stuttgart"$"https://d-nb.info/gnd/4058282-6"
"14"$"Cod. bibl. 2° 2"$""$"https://digital.wlb-stuttgart.de/purl/bsz409739987"$"https://digital.wlb-stuttgart.de/content/urn:nbn:de:bsz:24-digibib-bsz4097399871/jpg/thumbs/00000001.jpg"$"Komplett"$"Original"$"Standard"$"Einzelseite"$""$""$"Württembergische Landesbibliothek Stuttgart"$"https://d-nb.info/gnd/40657-0"$"Stuttgart"$"https://d-nb.info/gnd/4058282-6"$"Württembergische Landesbibliothek Stuttgart"$"https://d-nb.info/gnd/40657-0"$"Stuttgart"$"https://d-nb.info/gnd/4058282-6"
"15"$"Cod. bibl. 2° 20"$""$"https://digital.wlb-stuttgart.de/purl/bsz345782437"$"https://digital.wlb-stuttgart.de/content/urn:nbn:de:bsz:24-digibib-bsz3457824373/jpg/thumbs/00000001.jpg"$"Komplett"$"Original"$"Standard"$"Einzelseite"$""$""$"Württembergische Landesbibliothek Stuttgart"$"https://d-nb.info/gnd/40657-0"$"Stuttgart"$"https://d-nb.info/gnd/4058282-6"$"Württembergische Landesbibliothek Stuttgart"$"https://d-nb.info/gnd/40657-0"$"Stuttgart"$"https://d-nb.info/gnd/4058282-6"
"16"$"Cod. bibl. 2° 21"$""$"https://digital.wlb-stuttgart.de/purl/bsz366773275"$"https://digital.wlb-stuttgart.de/content/urn:nbn:de:bsz:24-digibib-bsz3667732756/jpg/thumbs/00000001.jpg"$"Komplett"$"Original"$"Standard"$"Einzelseite"$""$""$"Württembergische Landesbibliothek Stuttgart"$"https://d-nb.info/gnd/40657-0"$"Stuttgart"$"https://d-nb.info/gnd/4058282-6"$"Württembergische Landesbibliothek Stuttgart"$"https://d-nb.info/gnd/40657-0"$"Stuttgart"$"https://d-nb.info/gnd/4058282-6"
"17"$"Cod. bibl. 2° 22"$""$"https://digital.wlb-stuttgart.de/purl/bsz409759082"$"https://digital.wlb-stuttgart.de/content/urn:nbn:de:bsz:24-digibib-bsz4097590827/jpg/thumbs/00000001.jpg"$"Komplett"$"Original"$"Standard"$"Einzelseite"$""$""$"Württembergische Landesbibliothek Stuttgart"$"https://d-nb.info/gnd/40657-0"$"Stuttgart"$"https://d-nb.info/gnd/4058282-6"$"Württembergische Landesbibliothek Stuttgart"$"https://d-nb.info/gnd/40657-0"$"Stuttgart"$"https://d-nb.info/gnd/4058282-6"
"18"$"Cod. bibl. 2° 23"$""$"https://digital.wlb-stuttgart.de/purl/bsz307047059"$"https://digital.wlb-stuttgart.de/content/urn:nbn:de:bsz:24-digibib-bsz3070470598/jpg/thumbs/00000001.jpg"$"Komplett"$"Original"$"Standard"$"Einzelseite"$""$""$"Württembergische Landesbibliothek Stuttgart"$"https://d-nb.info/gnd/40657-0"$"Stuttgart"$"https://d-nb.info/gnd/4058282-6"$"Württembergische Landesbibliothek Stuttgart"$"https://d-nb.info/gnd/40657-0"$"Stuttgart"$"https://d-nb.info/gnd/4058282-6"
"19"$"Cod. bibl. 2° 24"$""$"https://digital.wlb-stuttgart.de/purl/bsz409756814"$"https://digital.wlb-stuttgart.de/content/urn:nbn:de:bsz:24-digibib-bsz4097568148/jpg/thumbs/00000001.jpg"$"Komplett"$"Original"$"Standard"$"Einzelseite"$""$""$"Württembergische Landesbibliothek Stuttgart"$"https://d-nb.info/gnd/40657-0"$"Stuttgart"$"https://d-nb.info/gnd/4058282-6"$"Württembergische Landesbibliothek Stuttgart"$"https://d-nb.info/gnd/40657-0"$"Stuttgart"$"https://d-nb.info/gnd/4058282-6"
"20"$"Cod. bibl. 2° 25"$""$"https://digital.wlb-stuttgart.de/purl/bsz409760072"$"https://digital.wlb-stuttgart.de/content/urn:nbn:de:bsz:24-digibib-bsz4097600727/jpg/thumbs/00000001.jpg"$"Komplett"$"Original"$"Standard"$"Einzelseite"$""$""$"Württembergische Landesbibliothek Stuttgart"$"https://d-nb.info/gnd/40657-0"$"Stuttgart"$"https://d-nb.info/gnd/4058282-6"$"Württembergische Landesbibliothek Stuttgart"$"https://d-nb.info/gnd/40657-0"$"Stuttgart"$"https://d-nb.info/gnd/4058282-6"
"21"$"Cod. bibl. 2° 26"$""$"https://digital.wlb-stuttgart.de/purl/bsz409760706"$"https://digital.wlb-stuttgart.de/content/urn:nbn:de:bsz:24-digibib-bsz4097607065/jpg/thumbs/00000001.jpg"$"Komplett"$"Original"$"Standard"$"Einzelseite"$""$""$"Württembergische Landesbibliothek Stuttgart"$"https://d-nb.info/gnd/40657-0"$"Stuttgart"$"https://d-nb.info/gnd/4058282-6"$"Württembergische Landesbibliothek Stuttgart"$"https://d-nb.info/gnd/40657-0"$"Stuttgart"$"https://d-nb.info/gnd/4058282-6"
"22"$"Cod. bibl. 2° 27"$""$"https://digital.wlb-stuttgart.de/purl/bsz409761370"$"https://digital.wlb-stuttgart.de/content/urn:nbn:de:bsz:24-digibib-bsz4097613705/jpg/thumbs/00000001.jpg"$"Komplett"$"Original"$"Standard"$"Einzelseite"$""$""$"Württembergische Landesbibliothek Stuttgart"$"https://d-nb.info/gnd/40657-0"$"Stuttgart"$"https://d-nb.info/gnd/4058282-6"$"Württembergische Landesbibliothek Stuttgart"$"https://d-nb.info/gnd/40657-0"$"Stuttgart"$"https://d-nb.info/gnd/4058282-6"
"23"$"Cod. bibl. 2° 28"$""$"https://digital.wlb-stuttgart.de/purl/bsz349397112"$"https://digital.wlb-stuttgart.de/content/urn:nbn:de:bsz:24-digibib-bsz3493971126/jpg/thumbs/00000001.jpg"$"Komplett"$"Original"$"Standard"$"Einzelseite"$""$""$"Württembergische Landesbibliothek Stuttgart"$"https://d-nb.info/gnd/40657-0"$"Stuttgart"$"https://d-nb.info/gnd/4058282-6"$"Württembergische Landesbibliothek Stuttgart"$"https://d-nb.info/gnd/40657-0"$"Stuttgart"$"https://d-nb.info/gnd/4058282-6"
"24"$"Cod. bibl. 2° 29"$""$"https://digital.wlb-stuttgart.de/purl/bsz409757136"$"https://digital.wlb-stuttgart.de/content/urn:nbn:de:bsz:24-digibib-bsz4097571362/jpg/thumbs/00000001.jpg"$"Komplett"$"Original"$"Standard"$"Einzelseite"$""$""$"Württembergische Landesbibliothek Stuttgart"$"https://d-nb.info/gnd/40657-0"$"Stuttgart"$"https://d-nb.info/gnd/4058282-6"$"Württembergische Landesbibliothek Stuttgart"$"https://d-nb.info/gnd/40657-0"$"Stuttgart"$"https://d-nb.info/gnd/4058282-6"
"25"$"Cod. bibl. 2° 30"$""$"https://digital.wlb-stuttgart.de/purl/bsz409761990"$"https://digital.wlb-stuttgart.de/content/urn:nbn:de:bsz:24-digibib-bsz4097619903/jpg/thumbs/00000001.jpg"$"Komplett"$"Original"$"Standard"$"Einzelseite"$""$""$"Württembergische Landesbibliothek Stuttgart"$"https://d-nb.info/gnd/40657-0"$"Stuttgart"$"https://d-nb.info/gnd/4058282-6"$"Württembergische Landesbibliothek Stuttgart"$"https://d-nb.info/gnd/40657-0"$"Stuttgart"$"https://d-nb.info/gnd/4058282-6"
"26"$"Cod. bibl. 2° 31"$""$"https://digital.wlb-stuttgart.de/purl/bsz409762962"$"https://digital.wlb-stuttgart.de/content/urn:nbn:de:bsz:24-digibib-bsz4097629626/jpg/thumbs/00000001.jpg"$"Komplett"$"Original"$"Standard"$"Einzelseite"$""$""$"Württembergische Landesbibliothek Stuttgart"$"https://d-nb.info/gnd/40657-0"$"Stuttgart"$"https://d-nb.info/gnd/4058282-6"$"Württembergische Landesbibliothek Stuttgart"$"https://d-nb.info/gnd/40657-0"$"Stuttgart"$"https://d-nb.info/gnd/4058282-6"
"27"$"Cod. bibl. 2° 32"$""$"https://digital.wlb-stuttgart.de/purl/bsz409764698"$"https://digital.wlb-stuttgart.de/content/urn:nbn:de:bsz:24-digibib-bsz4097646989/jpg/thumbs/00000001.jpg"$"Komplett"$"Original"$"Standard"$"Einzelseite"$""$""$"Württembergische Landesbibliothek Stuttgart"$"https://d-nb.info/gnd/40657-0"$"Stuttgart"$"https://d-nb.info/gnd/4058282-6"$"Württembergische Landesbibliothek Stuttgart"$"https://d-nb.info/gnd/40657-0"$"Stuttgart"$"https://d-nb.info/gnd/4058282-6"
"28"$"Cod. bibl. 2° 33"$""$"https://digital.wlb-stuttgart.de/purl/bsz409765260"$"https://digital.wlb-stuttgart.de/content/urn:nbn:de:bsz:24-digibib-bsz4097652608/jpg/thumbs/00000001.jpg"$"Komplett"$"Original"$"Standard"$"Einzelseite"$""$""$"Württembergische Landesbibliothek Stuttgart"$"https://d-nb.info/gnd/40657-0"$"Stuttgart"$"https://d-nb.info/gnd/4058282-6"$"Württembergische Landesbibliothek Stuttgart"$"https://d-nb.info/gnd/40657-0"$"Stuttgart"$"https://d-nb.info/gnd/4058282-6"
"29"$"Cod. bibl. 2° 35"$""$"https://digital.wlb-stuttgart.de/purl/bsz381648818"$"https://digital.wlb-stuttgart.de/content/urn:nbn:de:bsz:24-digibib-bsz3816488189/jpg/thumbs/00000001.jpg"$"Komplett"$"Original"$"Standard"$"Einzelseite"$""$""$"Württembergische Landesbibliothek Stuttgart"$"https://d-nb.info/gnd/40657-0"$"Stuttgart"$"https://d-nb.info/gnd/4058282-6"$"Württembergische Landesbibliothek Stuttgart"$"https://d-nb.info/gnd/40657-0"$"Stuttgart"$"https://d-nb.info/gnd/4058282-6"
"30"$"Cod. bibl. 2° 36"$""$"https://digital.wlb-stuttgart.de/purl/bsz409770302"$"https://digital.wlb-stuttgart.de/content/urn:nbn:de:bsz:24-digibib-bsz4097703020/jpg/thumbs/00000001.jpg"$"Komplett"$"Original"$"Standard"$"Einzelseite"$""$""$"Württembergische Landesbibliothek Stuttgart"$"https://d-nb.info/gnd/40657-0"$"Stuttgart"$"https://d-nb.info/gnd/4058282-6"$"Württembergische Landesbibliothek Stuttgart"$"https://d-nb.info/gnd/40657-0"$"Stuttgart"$"https://d-nb.info/gnd/4058282-6"
"31"$"Cod. bibl. 2° 37"$""$"https://digital.wlb-stuttgart.de/purl/bsz409779156"$"https://digital.wlb-stuttgart.de/content/urn:nbn:de:bsz:24-digibib-bsz4097791564/jpg/thumbs/00000001.jpg"$"Komplett"$"Original"$"Standard"$"Einzelseite"$""$""$"Württembergische Landesbibliothek Stuttgart"$"https://d-nb.info/gnd/40657-0"$"Stuttgart"$"https://d-nb.info/gnd/4058282-6"$"Württembergische Landesbibliothek Stuttgart"$"https://d-nb.info/gnd/40657-0"$"Stuttgart"$"https://d-nb.info/gnd/4058282-6"
"32"$"Cod. bibl. 2° 38"$""$"https://digital.wlb-stuttgart.de/purl/bsz409772208"$"https://digital.wlb-stuttgart.de/content/urn:nbn:de:bsz:24-digibib-bsz4097722084/jpg/thumbs/00000001.jpg"$"Komplett"$"Original"$"Standard"$"Einzelseite"$""$""$"Württembergische Landesbibliothek Stuttgart"$"https://d-nb.info/gnd/40657-0"$"Stuttgart"$"https://d-nb.info/gnd/4058282-6"$"Württembergische Landesbibliothek Stuttgart"$"https://d-nb.info/gnd/40657-0"$"Stuttgart"$"https://d-nb.info/gnd/4058282-6"
"33"$"Cod. bibl. 2° 39"$""$"https://digital.wlb-stuttgart.de/purl/bsz40977264X"$"https://digital.wlb-stuttgart.de/content/urn:nbn:de:bsz:24-digibib-bsz40977264X8/jpg/thumbs/00000001.jpg"$"Komplett"$"Original"$"Standard"$"Einzelseite"$""$""$"Württembergische Landesbibliothek Stuttgart"$"https://d-nb.info/gnd/40657-0"$"Stuttgart"$"https://d-nb.info/gnd/4058282-6"$"Württembergische Landesbibliothek Stuttgart"$"https://d-nb.info/gnd/40657-0"$"Stuttgart"$"https://d-nb.info/gnd/4058282-6"
"34"$"Cod. bibl. 2° 3a"$""$"https://digital.wlb-stuttgart.de/purl/bsz409741841"$"https://digital.wlb-stuttgart.de/content/urn:nbn:de:bsz:24-digibib-bsz4097418411/jpg/thumbs/00000001.jpg"$"Komplett"$"Original"$"Standard"$"Einzelseite"$""$""$"Württembergische Landesbibliothek Stuttgart"$"https://d-nb.info/gnd/40657-0"$"Stuttgart"$"https://d-nb.info/gnd/4058282-6"$"Württembergische Landesbibliothek Stuttgart"$"https://d-nb.info/gnd/40657-0"$"Stuttgart"$"https://d-nb.info/gnd/4058282-6"
"35"$"Cod. bibl. 2° 3b"$""$"https://digital.wlb-stuttgart.de/purl/bsz409743267"$"https://digital.wlb-stuttgart.de/content/urn:nbn:de:bsz:24-digibib-bsz4097432673/jpg/thumbs/00000001.jpg"$"Komplett"$"Original"$"Standard"$"Einzelseite"$""$""$"Württembergische Landesbibliothek Stuttgart"$"https://d-nb.info/gnd/40657-0"$"Stuttgart"$"https://d-nb.info/gnd/4058282-6"$"Württembergische Landesbibliothek Stuttgart"$"https://d-nb.info/gnd/40657-0"$"Stuttgart"$"https://d-nb.info/gnd/4058282-6"
"36"$"Cod. bibl. 2° 3c"$""$"https://digital.wlb-stuttgart.de/purl/bsz409744026"$"https://digital.wlb-stuttgart.de/content/urn:nbn:de:bsz:24-digibib-bsz4097440268/jpg/thumbs/00000001.jpg"$"Komplett"$"Original"$"Standard"$"Einzelseite"$""$""$"Württembergische Landesbibliothek Stuttgart"$"https://d-nb.info/gnd/40657-0"$"Stuttgart"$"https://d-nb.info/gnd/4058282-6"$"Württembergische Landesbibliothek Stuttgart"$"https://d-nb.info/gnd/40657-0"$"Stuttgart"$"https://d-nb.info/gnd/4058282-6"
"37"$"Cod. bibl. 2° 40"$""$"https://digital.wlb-stuttgart.de/purl/bsz40977295X"$"https://digital.wlb-stuttgart.de/content/urn:nbn:de:bsz:24-digibib-bsz40977295X0/jpg/thumbs/00000001.jpg"$"Komplett"$"Original"$"Standard"$"Einzelseite"$""$""$"Württembergische Landesbibliothek Stuttgart"$"https://d-nb.info/gnd/40657-0"$"Stuttgart"$"https://d-nb.info/gnd/4058282-6"$"Württembergische Landesbibliothek Stuttgart"$"https://d-nb.info/gnd/40657-0"$"Stuttgart"$"https://d-nb.info/gnd/4058282-6"
"38"$"Cod. bibl. 2° 41"$""$"https://digital.wlb-stuttgart.de/purl/bsz409773956"$"https://digital.wlb-stuttgart.de/content/urn:nbn:de:bsz:24-digibib-bsz4097739562/jpg/thumbs/00000001.jpg"$"Komplett"$"Original"$"Standard"$"Einzelseite"$""$""$"Württembergische Landesbibliothek Stuttgart"$"https://d-nb.info/gnd/40657-0"$"Stuttgart"$"https://d-nb.info/gnd/4058282-6"$"Württembergische Landesbibliothek Stuttgart"$"https://d-nb.info/gnd/40657-0"$"Stuttgart"$"https://d-nb.info/gnd/4058282-6"
"39"$"Cod. bibl. 2° 42"$""$"https://digital.wlb-stuttgart.de/purl/bsz409774634"$"https://digital.wlb-stuttgart.de/content/urn:nbn:de:bsz:24-digibib-bsz4097746348/jpg/thumbs/00000001.jpg"$"Komplett"$"Original"$"Standard"$"Einzelseite"$""$""$"Württembergische Landesbibliothek Stuttgart"$"https://d-nb.info/gnd/40657-0"$"Stuttgart"$"https://d-nb.info/gnd/4058282-6"$"Württembergische Landesbibliothek Stuttgart"$"https://d-nb.info/gnd/40657-0"$"Stuttgart"$"https://d-nb.info/gnd/4058282-6"
"40"$"Cod. bibl. 2° 43"$""$"https://digital.wlb-stuttgart.de/purl/bsz409779776"$"https://digital.wlb-stuttgart.de/content/urn:nbn:de:bsz:24-digibib-bsz4097797768/jpg/thumbs/00000001.jpg"$"Komplett"$"Original"$"Standard"$"Einzelseite"$""$""$"Württembergische Landesbibliothek Stuttgart"$"https://d-nb.info/gnd/40657-0"$"Stuttgart"$"https://d-nb.info/gnd/4058282-6"$"Württembergische Landesbibliothek Stuttgart"$"https://d-nb.info/gnd/40657-0"$"Stuttgart"$"https://d-nb.info/gnd/4058282-6"
"41"$"Cod. bibl. 2° 44"$""$"https://digital.wlb-stuttgart.de/purl/bsz362712557"$"https://digital.wlb-stuttgart.de/content/urn:nbn:de:bsz:24-digibib-bsz3627125575/jpg/thumbs/00000001.jpg"$"Komplett"$"Original"$"Standard"$"Einzelseite"$""$""$"Württembergische Landesbibliothek Stuttgart"$"https://d-nb.info/gnd/40657-0"$"Stuttgart"$"https://d-nb.info/gnd/4058282-6"$"Württembergische Landesbibliothek Stuttgart"$"https://d-nb.info/gnd/40657-0"$"Stuttgart"$"https://d-nb.info/gnd/4058282-6"
"42"$"Cod. bibl. 2° 46"$""$"https://digital.wlb-stuttgart.de/purl/bsz349399964"$"https://digital.wlb-stuttgart.de/content/urn:nbn:de:bsz:24-digibib-bsz3493999641/jpg/thumbs/00000001.jpg"$"Komplett"$"Original"$"Standard"$"Einzelseite"$""$""$"Württembergische Landesbibliothek Stuttgart"$"https://d-nb.info/gnd/40657-0"$"Stuttgart"$"https://d-nb.info/gnd/4058282-6"$"Württembergische Landesbibliothek Stuttgart"$"https://d-nb.info/gnd/40657-0"$"Stuttgart"$"https://d-nb.info/gnd/4058282-6"
"43"$"Cod. bibl. 2° 47"$""$"https://digital.wlb-stuttgart.de/purl/bsz40977491X"$"https://digital.wlb-stuttgart.de/content/urn:nbn:de:bsz:24-digibib-bsz40977491X7/jpg/thumbs/00000001.jpg"$"Komplett"$"Original"$"Standard"$"Einzelseite"$""$""$"Württembergische Landesbibliothek Stuttgart"$"https://d-nb.info/gnd/40657-0"$"Stuttgart"$"https://d-nb.info/gnd/4058282-6"$"Württembergische Landesbibliothek Stuttgart"$"https://d-nb.info/gnd/40657-0"$"Stuttgart"$"https://d-nb.info/gnd/4058282-6"
"44"$"Cod. bibl. 2° 48"$""$"https://digital.wlb-stuttgart.de/purl/bsz40978043X"$"https://digital.wlb-stuttgart.de/content/urn:nbn:de:bsz:24-digibib-bsz40978043X5/jpg/thumbs/00000001.jpg"$"Komplett"$"Original"$"Standard"$"Einzelseite"$""$""$"Württembergische Landesbibliothek Stuttgart"$"https://d-nb.info/gnd/40657-0"$"Stuttgart"$"https://d-nb.info/gnd/4058282-6"$"Württembergische Landesbibliothek Stuttgart"$"https://d-nb.info/gnd/40657-0"$"Stuttgart"$"https://d-nb.info/gnd/4058282-6"
"45"$"Cod. bibl. 2° 49"$""$"https://digital.wlb-stuttgart.de/purl/bsz409780901"$"https://digital.wlb-stuttgart.de/content/urn:nbn:de:bsz:24-digibib-bsz4097809017/jpg/thumbs/00000001.jpg"$"Komplett"$"Original"$"Standard"$"Einzelseite"$""$""$"Württembergische Landesbibliothek Stuttgart"$"https://d-nb.info/gnd/40657-0"$"Stuttgart"$"https://d-nb.info/gnd/4058282-6"$"Württembergische Landesbibliothek Stuttgart"$"https://d-nb.info/gnd/40657-0"$"Stuttgart"$"https://d-nb.info/gnd/4058282-6"
"46"$"Cod. bibl. 2° 4a"$""$"https://digital.wlb-stuttgart.de/purl/bsz409909823"$"https://digital.wlb-stuttgart.de/content/urn:nbn:de:bsz:24-digibib-bsz4099098230/jpg/thumbs/00000001.jpg"$"Komplett"$"Original"$"Standard"$"Einzelseite"$""$""$"Württembergische Landesbibliothek Stuttgart"$"https://d-nb.info/gnd/40657-0"$"Stuttgart"$"https://d-nb.info/gnd/4058282-6"$"Württembergische Landesbibliothek Stuttgart"$"https://d-nb.info/gnd/40657-0"$"Stuttgart"$"https://d-nb.info/gnd/4058282-6"
"47"$"Cod. bibl. 2° 4b"$""$"https://digital.wlb-stuttgart.de/purl/bsz409910414"$"https://digital.wlb-stuttgart.de/content/urn:nbn:de:bsz:24-digibib-bsz4099104148/jpg/thumbs/00000001.jpg"$"Komplett"$"Original"$"Standard"$"Einzelseite"$""$""$"Württembergische Landesbibliothek Stuttgart"$"https://d-nb.info/gnd/40657-0"$"Stuttgart"$"https://d-nb.info/gnd/4058282-6"$"Württembergische Landesbibliothek Stuttgart"$"https://d-nb.info/gnd/40657-0"$"Stuttgart"$"https://d-nb.info/gnd/4058282-6"
"48"$"Cod. bibl. 2° 5"$""$"https://digital.wlb-stuttgart.de/purl/bsz366779044"$"https://digital.wlb-stuttgart.de/content/urn:nbn:de:bsz:24-digibib-bsz3667790442/jpg/thumbs/00000001.jpg"$"Komplett"$"Original"$"Standard"$"Einzelseite"$""$""$"Württembergische Landesbibliothek Stuttgart"$"https://d-nb.info/gnd/40657-0"$"Stuttgart"$"https://d-nb.info/gnd/4058282-6"$"Württembergische Landesbibliothek Stuttgart"$"https://d-nb.info/gnd/40657-0"$"Stuttgart"$"https://d-nb.info/gnd/4058282-6"
"49"$"Cod. bibl. 2° 51"$""$"https://digital.wlb-stuttgart.de/purl/bsz409781274"$"https://digital.wlb-stuttgart.de/content/urn:nbn:de:bsz:24-digibib-bsz4097812743/jpg/thumbs/00000001.jpg"$"Komplett"$"Original"$"Standard"$"Einzelseite"$""$""$"Württembergische Landesbibliothek Stuttgart"$"https://d-nb.info/gnd/40657-0"$"Stuttgart"$"https://d-nb.info/gnd/4058282-6"$"Württembergische Landesbibliothek Stuttgart"$"https://d-nb.info/gnd/40657-0"$"Stuttgart"$"https://d-nb.info/gnd/4058282-6"
"50"$"Cod. bibl. 2° 52"$""$"https://digital.wlb-stuttgart.de/purl/bsz409781762"$"https://digital.wlb-stuttgart.de/content/urn:nbn:de:bsz:24-digibib-bsz4097817627/jpg/thumbs/00000001.jpg"$"Komplett"$"Original"$"Standard"$"Einzelseite"$""$""$"Württembergische Landesbibliothek Stuttgart"$"https://d-nb.info/gnd/40657-0"$"Stuttgart"$"https://d-nb.info/gnd/4058282-6"$"Württembergische Landesbibliothek Stuttgart"$"https://d-nb.info/gnd/40657-0"$"Stuttgart"$"https://d-nb.info/gnd/4058282-6"
"51"$"Cod. bibl. 2° 53"$""$"https://digital.wlb-stuttgart.de/purl/bsz411090038"$"https://digital.wlb-stuttgart.de/content/urn:nbn:de:bsz:24-digibib-bsz4110900385/jpg/thumbs/00000001.jpg"$"Komplett"$"Original"$"Standard"$"Einzelseite"$""$""$"Württembergische Landesbibliothek Stuttgart"$"https://d-nb.info/gnd/40657-0"$"Stuttgart"$"https://d-nb.info/gnd/4058282-6"$"Württembergische Landesbibliothek Stuttgart"$"https://d-nb.info/gnd/40657-0"$"Stuttgart"$"https://d-nb.info/gnd/4058282-6"
"52"$"Cod. bibl. 2° 54"$""$"https://digital.wlb-stuttgart.de/purl/bsz411090631"$"https://digital.wlb-stuttgart.de/content/urn:nbn:de:bsz:24-digibib-bsz4110906317/jpg/thumbs/00000001.jpg"$"Komplett"$"Original"$"Standard"$"Einzelseite"$""$""$"Württembergische Landesbibliothek Stuttgart"$"https://d-nb.info/gnd/40657-0"$"Stuttgart"$"https://d-nb.info/gnd/4058282-6"$"Württembergische Landesbibliothek Stuttgart"$"https://d-nb.info/gnd/40657-0"$"Stuttgart"$"https://d-nb.info/gnd/4058282-6"
"53"$"Cod. bibl. 2° 55"$""$"https://digital.wlb-stuttgart.de/purl/bsz366836994"$"https://digital.wlb-stuttgart.de/content/urn:nbn:de:bsz:24-digibib-bsz3668369941/jpg/thumbs/00000001.jpg"$"Komplett"$"Original"$"Standard"$"Einzelseite"$""$""$"Württembergische Landesbibliothek Stuttgart"$"https://d-nb.info/gnd/40657-0"$"Stuttgart"$"https://d-nb.info/gnd/4058282-6"$"Württembergische Landesbibliothek Stuttgart"$"https://d-nb.info/gnd/40657-0"$"Stuttgart"$"https://d-nb.info/gnd/4058282-6"
"54"$"Cod. bibl. 2° 56"$""$"https://digital.wlb-stuttgart.de/purl/bsz332499766"$"https://digital.wlb-stuttgart.de/content/urn:nbn:de:bsz:24-digibib-bsz3324997665/jpg/thumbs/00000001.jpg"$"Komplett"$"Original"$"Standard"$"Einzelseite"$""$""$"Württembergische Landesbibliothek Stuttgart"$"https://d-nb.info/gnd/40657-0"$"Stuttgart"$"https://d-nb.info/gnd/4058282-6"$"Württembergische Landesbibliothek Stuttgart"$"https://d-nb.info/gnd/40657-0"$"Stuttgart"$"https://d-nb.info/gnd/4058282-6"
"55"$"Cod. bibl. 2° 57"$""$"https://digital.wlb-stuttgart.de/purl/bsz332501191"$"https://digital.wlb-stuttgart.de/content/urn:nbn:de:bsz:24-digibib-bsz3325011913/jpg/thumbs/00000001.jpg"$"Komplett"$"Original"$"Standard"$"Einzelseite"$""$""$"Württembergische Landesbibliothek Stuttgart"$"https://d-nb.info/gnd/40657-0"$"Stuttgart"$"https://d-nb.info/gnd/4058282-6"$"Württembergische Landesbibliothek Stuttgart"$"https://d-nb.info/gnd/40657-0"$"Stuttgart"$"https://d-nb.info/gnd/4058282-6"
"56"$"Cod. bibl. 2° 58"$""$"https://digital.wlb-stuttgart.de/purl/bsz332502295"$"https://digital.wlb-stuttgart.de/content/urn:nbn:de:bsz:24-digibib-bsz3325022956/jpg/thumbs/00000001.jpg"$"Komplett"$"Original"$"Standard"$"Einzelseite"$""$""$"Württembergische Landesbibliothek Stuttgart"$"https://d-nb.info/gnd/40657-0"$"Stuttgart"$"https://d-nb.info/gnd/4058282-6"$"Württembergische Landesbibliothek Stuttgart"$"https://d-nb.info/gnd/40657-0"$"Stuttgart"$"https://d-nb.info/gnd/4058282-6"
"57"$"Cod. bibl. 2° 59"$""$"https://digital.wlb-stuttgart.de/purl/bsz31145660X"$"https://digital.wlb-stuttgart.de/content/urn:nbn:de:bsz:24-digibib-bsz31145660X0/jpg/thumbs/00000001.jpg"$"Komplett"$"Original"$"Standard"$"Einzelseite"$""$""$"Württembergische Landesbibliothek Stuttgart"$"https://d-nb.info/gnd/40657-0"$"Stuttgart"$"https://d-nb.info/gnd/4058282-6"$"Württembergische Landesbibliothek Stuttgart"$"https://d-nb.info/gnd/40657-0"$"Stuttgart"$"https://d-nb.info/gnd/4058282-6"
"58"$"Cod. bibl. 2° 6"$""$"https://digital.wlb-stuttgart.de/purl/bsz349924406"$"https://digital.wlb-stuttgart.de/content/urn:nbn:de:bsz:24-digibib-bsz3499244060/jpg/thumbs/00000001.jpg"$"Komplett"$"Original"$"Standard"$"Einzelseite"$""$""$"Württembergische Landesbibliothek Stuttgart"$"https://d-nb.info/gnd/40657-0"$"Stuttgart"$"https://d-nb.info/gnd/4058282-6"$"Württembergische Landesbibliothek Stuttgart"$"https://d-nb.info/gnd/40657-0"$"Stuttgart"$"https://d-nb.info/gnd/4058282-6"
"59"$"Cod. bibl. 2° 60"$""$"https://digital.wlb-stuttgart.de/purl/bsz349403740"$"https://digital.wlb-stuttgart.de/content/urn:nbn:de:bsz:24-digibib-bsz3494037402/jpg/thumbs/00000001.jpg"$"Komplett"$"Original"$"Standard"$"Einzelseite"$""$""$"Württembergische Landesbibliothek Stuttgart"$"https://d-nb.info/gnd/40657-0"$"Stuttgart"$"https://d-nb.info/gnd/4058282-6"$"Württembergische Landesbibliothek Stuttgart"$"https://d-nb.info/gnd/40657-0"$"Stuttgart"$"https://d-nb.info/gnd/4058282-6"
"60"$"Cod. bibl. 2° 61"$""$"https://digital.wlb-stuttgart.de/purl/bsz411090968"$"https://digital.wlb-stuttgart.de/content/urn:nbn:de:bsz:24-digibib-bsz4110909687/jpg/thumbs/00000001.jpg"$"Komplett"$"Original"$"Standard"$"Einzelseite"$""$""$"Württembergische Landesbibliothek Stuttgart"$"https://d-nb.info/gnd/40657-0"$"Stuttgart"$"https://d-nb.info/gnd/4058282-6"$"Württembergische Landesbibliothek Stuttgart"$"https://d-nb.info/gnd/40657-0"$"Stuttgart"$"https://d-nb.info/gnd/4058282-6"
"61"$"Cod. bibl. 2° 62"$""$"https://digital.wlb-stuttgart.de/purl/bsz411095153"$"https://digital.wlb-stuttgart.de/content/urn:nbn:de:bsz:24-digibib-bsz4110951532/jpg/thumbs/00000001.jpg"$"Komplett"$"Original"$"Standard"$"Einzelseite"$""$""$"Württembergische Landesbibliothek Stuttgart"$"https://d-nb.info/gnd/40657-0"$"Stuttgart"$"https://d-nb.info/gnd/4058282-6"$"Württembergische Landesbibliothek Stuttgart"$"https://d-nb.info/gnd/40657-0"$"Stuttgart"$"https://d-nb.info/gnd/4058282-6"
"62"$"Cod. bibl. 2° 63"$""$"https://digital.wlb-stuttgart.de/purl/bsz411095617"$"https://digital.wlb-stuttgart.de/content/urn:nbn:de:bsz:24-digibib-bsz4110956171/jpg/thumbs/00000001.jpg"$"Komplett"$"Original"$"Standard"$"Einzelseite"$""$""$"Württembergische Landesbibliothek Stuttgart"$"https://d-nb.info/gnd/40657-0"$"Stuttgart"$"https://d-nb.info/gnd/4058282-6"$"Württembergische Landesbibliothek Stuttgart"$"https://d-nb.info/gnd/40657-0"$"Stuttgart"$"https://d-nb.info/gnd/4058282-6"
"63"$"Cod. bibl. 2° 64"$""$"https://digital.wlb-stuttgart.de/purl/bsz411095919"$"https://digital.wlb-stuttgart.de/content/urn:nbn:de:bsz:24-digibib-bsz4110959198/jpg/thumbs/00000001.jpg"$"Komplett"$"Original"$"Standard"$"Einzelseite"$""$""$"Württembergische Landesbibliothek Stuttgart"$"https://d-nb.info/gnd/40657-0"$"Stuttgart"$"https://d-nb.info/gnd/4058282-6"$"Württembergische Landesbibliothek Stuttgart"$"https://d-nb.info/gnd/40657-0"$"Stuttgart"$"https://d-nb.info/gnd/4058282-6"
"64"$"Cod. bibl. 2° 65"$""$"https://digital.wlb-stuttgart.de/purl/bsz411096184"$"https://digital.wlb-stuttgart.de/content/urn:nbn:de:bsz:24-digibib-bsz4110961847/jpg/thumbs/00000001.jpg"$"Komplett"$"Original"$"Standard"$"Einzelseite"$""$""$"Württembergische Landesbibliothek Stuttgart"$"https://d-nb.info/gnd/40657-0"$"Stuttgart"$"https://d-nb.info/gnd/4058282-6"$"Württembergische Landesbibliothek Stuttgart"$"https://d-nb.info/gnd/40657-0"$"Stuttgart"$"https://d-nb.info/gnd/4058282-6"
"65"$"Cod. bibl. 2° 66"$""$"https://digital.wlb-stuttgart.de/purl/bsz411096745"$"https://digital.wlb-stuttgart.de/content/urn:nbn:de:bsz:24-digibib-bsz4110967454/jpg/thumbs/00000001.jpg"$"Komplett"$"Original"$"Standard"$"Einzelseite"$""$""$"Württembergische Landesbibliothek Stuttgart"$"https://d-nb.info/gnd/40657-0"$"Stuttgart"$"https://d-nb.info/gnd/4058282-6"$"Württembergische Landesbibliothek Stuttgart"$"https://d-nb.info/gnd/40657-0"$"Stuttgart"$"https://d-nb.info/gnd/4058282-6"
"66"$"Cod. bibl. 2° 67a"$""$"https://digital.wlb-stuttgart.de/purl/bsz411099906"$"https://digital.wlb-stuttgart.de/content/urn:nbn:de:bsz:24-digibib-bsz4110999060/jpg/thumbs/00000001.jpg"$"Komplett"$"Original"$"Standard"$"Einzelseite"$""$""$"Württembergische Landesbibliothek Stuttgart"$"https://d-nb.info/gnd/40657-0"$"Stuttgart"$"https://d-nb.info/gnd/4058282-6"$"Württembergische Landesbibliothek Stuttgart"$"https://d-nb.info/gnd/40657-0"$"Stuttgart"$"https://d-nb.info/gnd/4058282-6"
"67"$"Cod. bibl. 2° 67b"$""$"https://digital.wlb-stuttgart.de/purl/bsz411100459"$"https://digital.wlb-stuttgart.de/content/urn:nbn:de:bsz:24-digibib-bsz4111004593/jpg/thumbs/00000001.jpg"$"Komplett"$"Original"$"Standard"$"Einzelseite"$""$""$"Württembergische Landesbibliothek Stuttgart"$"https://d-nb.info/gnd/40657-0"$"Stuttgart"$"https://d-nb.info/gnd/4058282-6"$"Württembergische Landesbibliothek Stuttgart"$"https://d-nb.info/gnd/40657-0"$"Stuttgart"$"https://d-nb.info/gnd/4058282-6"
"68"$"Cod. bibl. 2° 68"$""$"https://digital.wlb-stuttgart.de/purl/bsz411102265"$"https://digital.wlb-stuttgart.de/content/urn:nbn:de:bsz:24-digibib-bsz4111022656/jpg/thumbs/00000001.jpg"$"Komplett"$"Original"$"Standard"$"Einzelseite"$""$""$"Württembergische Landesbibliothek Stuttgart"$"https://d-nb.info/gnd/40657-0"$"Stuttgart"$"https://d-nb.info/gnd/4058282-6"$"Württembergische Landesbibliothek Stuttgart"$"https://d-nb.info/gnd/40657-0"$"Stuttgart"$"https://d-nb.info/gnd/4058282-6"
"69"$"Cod. bibl. 2° 69"$""$"https://digital.wlb-stuttgart.de/purl/bsz369836111"$"https://digital.wlb-stuttgart.de/content/urn:nbn:de:bsz:24-digibib-bsz3698361112/jpg/thumbs/00000001.jpg"$"Komplett"$"Original"$"Standard"$"Einzelseite"$""$""$"Württembergische Landesbibliothek Stuttgart"$"https://d-nb.info/gnd/40657-0"$"Stuttgart"$"https://d-nb.info/gnd/4058282-6"$"Württembergische Landesbibliothek Stuttgart"$"https://d-nb.info/gnd/40657-0"$"Stuttgart"$"https://d-nb.info/gnd/4058282-6"
"70"$"Cod. bibl. 2° 70"$""$"https://digital.wlb-stuttgart.de/purl/bsz411106295"$"https://digital.wlb-stuttgart.de/content/urn:nbn:de:bsz:24-digibib-bsz4111062957/jpg/thumbs/00000001.jpg"$"Komplett"$"Original"$"Standard"$"Einzelseite"$""$""$"Württembergische Landesbibliothek Stuttgart"$"https://d-nb.info/gnd/40657-0"$"Stuttgart"$"https://d-nb.info/gnd/4058282-6"$"Württembergische Landesbibliothek Stuttgart"$"https://d-nb.info/gnd/40657-0"$"Stuttgart"$"https://d-nb.info/gnd/4058282-6"
"71"$"Cod. bibl. 2° 71"$""$"https://digital.wlb-stuttgart.de/purl/bsz411106562"$"https://digital.wlb-stuttgart.de/content/urn:nbn:de:bsz:24-digibib-bsz4111065623/jpg/thumbs/00000001.jpg"$"Komplett"$"Original"$"Standard"$"Einzelseite"$""$""$"Württembergische Landesbibliothek Stuttgart"$"https://d-nb.info/gnd/40657-0"$"Stuttgart"$"https://d-nb.info/gnd/4058282-6"$"Württembergische Landesbibliothek Stuttgart"$"https://d-nb.info/gnd/40657-0"$"Stuttgart"$"https://d-nb.info/gnd/4058282-6"
"72"$"Cod. bibl. 2° 72"$""$"https://digital.wlb-stuttgart.de/purl/bsz411107003"$"https://digital.wlb-stuttgart.de/content/urn:nbn:de:bsz:24-digibib-bsz4111070037/jpg/thumbs/00000001.jpg"$"Komplett"$"Original"$"Standard"$"Einzelseite"$""$""$"Württembergische Landesbibliothek Stuttgart"$"https://d-nb.info/gnd/40657-0"$"Stuttgart"$"https://d-nb.info/gnd/4058282-6"$"Württembergische Landesbibliothek Stuttgart"$"https://d-nb.info/gnd/40657-0"$"Stuttgart"$"https://d-nb.info/gnd/4058282-6"
"73"$"Cod. bibl. 2° 73"$""$"https://digital.wlb-stuttgart.de/purl/bsz411107402"$"https://digital.wlb-stuttgart.de/content/urn:nbn:de:bsz:24-digibib-bsz4111074025/jpg/thumbs/00000001.jpg"$"Komplett"$"Original"$"Standard"$"Einzelseite"$""$""$"Württembergische Landesbibliothek Stuttgart"$"https://d-nb.info/gnd/40657-0"$"Stuttgart"$"https://d-nb.info/gnd/4058282-6"$"Württembergische Landesbibliothek Stuttgart"$"https://d-nb.info/gnd/40657-0"$"Stuttgart"$"https://d-nb.info/gnd/4058282-6"
"74"$"Cod. bibl. 2° 74"$""$"https://digital.wlb-stuttgart.de/purl/bsz411107593"$"https://digital.wlb-stuttgart.de/content/urn:nbn:de:bsz:24-digibib-bsz4111075931/jpg/thumbs/00000001.jpg"$"Komplett"$"Original"$"Standard"$"Einzelseite"$""$""$"Württembergische Landesbibliothek Stuttgart"$"https://d-nb.info/gnd/40657-0"$"Stuttgart"$"https://d-nb.info/gnd/4058282-6"$"Württembergische Landesbibliothek Stuttgart"$"https://d-nb.info/gnd/40657-0"$"Stuttgart"$"https://d-nb.info/gnd/4058282-6"
"75"$"Cod. bibl. 2° 75"$""$"https://digital.wlb-stuttgart.de/purl/bsz41110778X"$"https://digital.wlb-stuttgart.de/content/urn:nbn:de:bsz:24-digibib-bsz41110778X5/jpg/thumbs/00000001.jpg"$"Komplett"$"Original"$"Standard"$"Einzelseite"$""$""$"Württembergische Landesbibliothek Stuttgart"$"https://d-nb.info/gnd/40657-0"$"Stuttgart"$"https://d-nb.info/gnd/4058282-6"$"Württembergische Landesbibliothek Stuttgart"$"https://d-nb.info/gnd/40657-0"$"Stuttgart"$"https://d-nb.info/gnd/4058282-6"
"76"$"Cod. bibl. 2° 76"$""$"https://digital.wlb-stuttgart.de/purl/bsz411107976"$"https://digital.wlb-stuttgart.de/content/urn:nbn:de:bsz:24-digibib-bsz4111079761/jpg/thumbs/00000001.jpg"$"Komplett"$"Original"$"Standard"$"Einzelseite"$""$""$"Württembergische Landesbibliothek Stuttgart"$"https://d-nb.info/gnd/40657-0"$"Stuttgart"$"https://d-nb.info/gnd/4058282-6"$"Württembergische Landesbibliothek Stuttgart"$"https://d-nb.info/gnd/40657-0"$"Stuttgart"$"https://d-nb.info/gnd/4058282-6"
"77"$"Cod. bibl. 2° 77"$""$"https://digital.wlb-stuttgart.de/purl/bsz411108271"$"https://digital.wlb-stuttgart.de/content/urn:nbn:de:bsz:24-digibib-bsz4111082717/jpg/thumbs/00000001.jpg"$"Komplett"$"Original"$"Standard"$"Einzelseite"$""$""$"Württembergische Landesbibliothek Stuttgart"$"https://d-nb.info/gnd/40657-0"$"Stuttgart"$"https://d-nb.info/gnd/4058282-6"$"Württembergische Landesbibliothek Stuttgart"$"https://d-nb.info/gnd/40657-0"$"Stuttgart"$"https://d-nb.info/gnd/4058282-6"
"78"$"Cod. bibl. 2° 79"$""$"https://digital.wlb-stuttgart.de/purl/bsz411108492"$"https://digital.wlb-stuttgart.de/content/urn:nbn:de:bsz:24-digibib-bsz4111084922/jpg/thumbs/00000001.jpg"$"Komplett"$"Original"$"Standard"$"Einzelseite"$""$""$"Württembergische Landesbibliothek Stuttgart"$"https://d-nb.info/gnd/40657-0"$"Stuttgart"$"https://d-nb.info/gnd/4058282-6"$"Württembergische Landesbibliothek Stuttgart"$"https://d-nb.info/gnd/40657-0"$"Stuttgart"$"https://d-nb.info/gnd/4058282-6"
"79"$"Cod. bibl. 2° 7a"$""$"https://digital.wlb-stuttgart.de/purl/bsz409911828"$"https://digital.wlb-stuttgart.de/content/urn:nbn:de:bsz:24-digibib-bsz4099118285/jpg/thumbs/00000001.jpg"$"Komplett"$"Original"$"Standard"$"Einzelseite"$""$""$"Württembergische Landesbibliothek Stuttgart"$"https://d-nb.info/gnd/40657-0"$"Stuttgart"$"https://d-nb.info/gnd/4058282-6"$"Württembergische Landesbibliothek Stuttgart"$"https://d-nb.info/gnd/40657-0"$"Stuttgart"$"https://d-nb.info/gnd/4058282-6"
"80"$"Cod. bibl. 2° 7b"$""$"https://digital.wlb-stuttgart.de/purl/bsz409912255"$"https://digital.wlb-stuttgart.de/content/urn:nbn:de:bsz:24-digibib-bsz4099122553/jpg/thumbs/00000001.jpg"$"Komplett"$"Original"$"Standard"$"Einzelseite"$""$""$"Württembergische Landesbibliothek Stuttgart"$"https://d-nb.info/gnd/40657-0"$"Stuttgart"$"https://d-nb.info/gnd/4058282-6"$"Württembergische Landesbibliothek Stuttgart"$"https://d-nb.info/gnd/40657-0"$"Stuttgart"$"https://d-nb.info/gnd/4058282-6"
"81"$"Cod. bibl. 2° 8"$""$"https://digital.wlb-stuttgart.de/purl/bsz37796168X"$"https://digital.wlb-stuttgart.de/content/urn:nbn:de:bsz:24-digibib-bsz37796168X7/jpg/thumbs/00000001.jpg"$"Komplett"$"Original"$"Standard"$"Einzelseite"$""$""$"Württembergische Landesbibliothek Stuttgart"$"https://d-nb.info/gnd/40657-0"$"Stuttgart"$"https://d-nb.info/gnd/4058282-6"$"Württembergische Landesbibliothek Stuttgart"$"https://d-nb.info/gnd/40657-0"$"Stuttgart"$"https://d-nb.info/gnd/4058282-6"
"82"$"Cod. bibl. 2° 80"$""$"https://digital.wlb-stuttgart.de/purl/bsz362722382"$"https://digital.wlb-stuttgart.de/content/urn:nbn:de:bsz:24-digibib-bsz3627223829/jpg/thumbs/00000001.jpg"$"Komplett"$"Original"$"Standard"$"Einzelseite"$""$""$"Württembergische Landesbibliothek Stuttgart"$"https://d-nb.info/gnd/40657-0"$"Stuttgart"$"https://d-nb.info/gnd/4058282-6"$"Württembergische Landesbibliothek Stuttgart"$"https://d-nb.info/gnd/40657-0"$"Stuttgart"$"https://d-nb.info/gnd/4058282-6"
"83"$"Cod. bibl. 2° 82"$""$"https://digital.wlb-stuttgart.de/purl/bsz411108638"$"https://digital.wlb-stuttgart.de/content/urn:nbn:de:bsz:24-digibib-bsz4111086380/jpg/thumbs/00000001.jpg"$"Komplett"$"Original"$"Standard"$"Einzelseite"$""$""$"Württembergische Landesbibliothek Stuttgart"$"https://d-nb.info/gnd/40657-0"$"Stuttgart"$"https://d-nb.info/gnd/4058282-6"$"Württembergische Landesbibliothek Stuttgart"$"https://d-nb.info/gnd/40657-0"$"Stuttgart"$"https://d-nb.info/gnd/4058282-6"
"84"$"Cod. bibl. 2° 83"$""$"https://digital.wlb-stuttgart.de/purl/bsz41112126X"$"https://digital.wlb-stuttgart.de/content/urn:nbn:de:bsz:24-digibib-bsz41112126X0/jpg/thumbs/00000001.jpg"$"Komplett"$"Original"$"Standard"$"Einzelseite"$""$""$"Württembergische Landesbibliothek Stuttgart"$"https://d-nb.info/gnd/40657-0"$"Stuttgart"$"https://d-nb.info/gnd/4058282-6"$"Württembergische Landesbibliothek Stuttgart"$"https://d-nb.info/gnd/40657-0"$"Stuttgart"$"https://d-nb.info/gnd/4058282-6"
"85"$"Cod. bibl. 2° 84"$""$"https://digital.wlb-stuttgart.de/purl/bsz41112143X"$"https://digital.wlb-stuttgart.de/content/urn:nbn:de:bsz:24-digibib-bsz41112143X9/jpg/thumbs/00000001.jpg"$"Komplett"$"Original"$"Standard"$"Einzelseite"$""$""$"Württembergische Landesbibliothek Stuttgart"$"https://d-nb.info/gnd/40657-0"$"Stuttgart"$"https://d-nb.info/gnd/4058282-6"$"Württembergische Landesbibliothek Stuttgart"$"https://d-nb.info/gnd/40657-0"$"Stuttgart"$"https://d-nb.info/gnd/4058282-6"
"86"$"Cod. bibl. 2° 86"$""$"https://digital.wlb-stuttgart.de/purl/bsz411121847"$"https://digital.wlb-stuttgart.de/content/urn:nbn:de:bsz:24-digibib-bsz4111218479/jpg/thumbs/00000001.jpg"$"Komplett"$"Original"$"Standard"$"Einzelseite"$""$""$"Württembergische Landesbibliothek Stuttgart"$"https://d-nb.info/gnd/40657-0"$"Stuttgart"$"https://d-nb.info/gnd/4058282-6"$"Württembergische Landesbibliothek Stuttgart"$"https://d-nb.info/gnd/40657-0"$"Stuttgart"$"https://d-nb.info/gnd/4058282-6"
"87"$"Cod. bibl. 2° 87"$""$"https://digital.wlb-stuttgart.de/purl/bsz411129872"$"https://digital.wlb-stuttgart.de/content/urn:nbn:de:bsz:24-digibib-bsz4111298724/jpg/thumbs/00000001.jpg"$"Komplett"$"Original"$"Standard"$"Einzelseite"$""$""$"Württembergische Landesbibliothek Stuttgart"$"https://d-nb.info/gnd/40657-0"$"Stuttgart"$"https://d-nb.info/gnd/4058282-6"$"Württembergische Landesbibliothek Stuttgart"$"https://d-nb.info/gnd/40657-0"$"Stuttgart"$"https://d-nb.info/gnd/4058282-6"
"88"$"Cod. bibl. 2° 88"$""$"https://digital.wlb-stuttgart.de/purl/bsz411130293"$"https://digital.wlb-stuttgart.de/content/urn:nbn:de:bsz:24-digibib-bsz4111302931/jpg/thumbs/00000001.jpg"$"Komplett"$"Original"$"Standard"$"Einzelseite"$""$""$"Württembergische Landesbibliothek Stuttgart"$"https://d-nb.info/gnd/40657-0"$"Stuttgart"$"https://d-nb.info/gnd/4058282-6"$"Württembergische Landesbibliothek Stuttgart"$"https://d-nb.info/gnd/40657-0"$"Stuttgart"$"https://d-nb.info/gnd/4058282-6"
"89"$"Cod. bibl. 2° 89"$""$"https://digital.wlb-stuttgart.de/purl/bsz41113079X"$"https://digital.wlb-stuttgart.de/content/urn:nbn:de:bsz:24-digibib-bsz41113079X2/jpg/thumbs/00000001.jpg"$"Komplett"$"Original"$"Standard"$"Einzelseite"$""$""$"Württembergische Landesbibliothek Stuttgart"$"https://d-nb.info/gnd/40657-0"$"Stuttgart"$"https://d-nb.info/gnd/4058282-6"$"Württembergische Landesbibliothek Stuttgart"$"https://d-nb.info/gnd/40657-0"$"Stuttgart"$"https://d-nb.info/gnd/4058282-6"
"90"$"Cod. bibl. 2° 9"$""$"https://digital.wlb-stuttgart.de/purl/bsz409754706"$"https://digital.wlb-stuttgart.de/content/urn:nbn:de:bsz:24-digibib-bsz4097547062/jpg/thumbs/00000001.jpg"$"Komplett"$"Original"$"Standard"$"Einzelseite"$""$""$"Württembergische Landesbibliothek Stuttgart"$"https://d-nb.info/gnd/40657-0"$"Stuttgart"$"https://d-nb.info/gnd/4058282-6"$"Württembergische Landesbibliothek Stuttgart"$"https://d-nb.info/gnd/40657-0"$"Stuttgart"$"https://d-nb.info/gnd/4058282-6"
"91"$"Cod. bibl. 2° 90"$""$"https://digital.wlb-stuttgart.de/purl/bsz411131729"$"https://digital.wlb-stuttgart.de/content/urn:nbn:de:bsz:24-digibib-bsz4111317295/jpg/thumbs/00000001.jpg"$"Komplett"$"Original"$"Standard"$"Einzelseite"$""$""$"Württembergische Landesbibliothek Stuttgart"$"https://d-nb.info/gnd/40657-0"$"Stuttgart"$"https://d-nb.info/gnd/4058282-6"$"Württembergische Landesbibliothek Stuttgart"$"https://d-nb.info/gnd/40657-0"$"Stuttgart"$"https://d-nb.info/gnd/4058282-6"
"92"$"Cod. bibl. 4° 1"$""$"https://digital.wlb-stuttgart.de/purl/bsz349824037"$"https://digital.wlb-stuttgart.de/content/urn:nbn:de:bsz:24-digibib-bsz3498240375/jpg/thumbs/00000001.jpg"$"Komplett"$"Original"$"Standard"$"Einzelseite"$""$""$"Württembergische Landesbibliothek Stuttgart"$"https://d-nb.info/gnd/40657-0"$"Stuttgart"$"https://d-nb.info/gnd/4058282-6"$"Württembergische Landesbibliothek Stuttgart"$"https://d-nb.info/gnd/40657-0"$"Stuttgart"$"https://d-nb.info/gnd/4058282-6"
"93"$"Cod. bibl. 4° 10"$""$"https://digital.wlb-stuttgart.de/purl/bsz349405190"$"https://digital.wlb-stuttgart.de/content/urn:nbn:de:bsz:24-digibib-bsz3494051906/jpg/thumbs/00000001.jpg"$"Komplett"$"Original"$"Standard"$"Einzelseite"$""$""$"Württembergische Landesbibliothek Stuttgart"$"https://d-nb.info/gnd/40657-0"$"Stuttgart"$"https://d-nb.info/gnd/4058282-6"$"Württembergische Landesbibliothek Stuttgart"$"https://d-nb.info/gnd/40657-0"$"Stuttgart"$"https://d-nb.info/gnd/4058282-6"
"94"$"Cod. bibl. 4° 11"$""$"https://digital.wlb-stuttgart.de/purl/bsz349882398"$"https://digital.wlb-stuttgart.de/content/urn:nbn:de:bsz:24-digibib-bsz3498823984/jpg/thumbs/00000001.jpg"$"Komplett"$"Original"$"Standard"$"Einzelseite"$""$""$"Württembergische Landesbibliothek Stuttgart"$"https://d-nb.info/gnd/40657-0"$"Stuttgart"$"https://d-nb.info/gnd/4058282-6"$"Württembergische Landesbibliothek Stuttgart"$"https://d-nb.info/gnd/40657-0"$"Stuttgart"$"https://d-nb.info/gnd/4058282-6"
"95"$"Cod. bibl. 4° 12"$""$"https://digital.wlb-stuttgart.de/purl/bsz350785147"$"https://digital.wlb-stuttgart.de/content/urn:nbn:de:bsz:24-digibib-bsz3507851471/jpg/thumbs/00000001.jpg"$"Komplett"$"Original"$"Standard"$"Einzelseite"$""$""$"Württembergische Landesbibliothek Stuttgart"$"https://d-nb.info/gnd/40657-0"$"Stuttgart"$"https://d-nb.info/gnd/4058282-6"$"Württembergische Landesbibliothek Stuttgart"$"https://d-nb.info/gnd/40657-0"$"Stuttgart"$"https://d-nb.info/gnd/4058282-6"
"96"$"Cod. bibl. 4° 14"$""$"https://digital.wlb-stuttgart.de/purl/bsz34988384X"$"https://digital.wlb-stuttgart.de/content/urn:nbn:de:bsz:24-digibib-bsz34988384X0/jpg/thumbs/00000001.jpg"$"Komplett"$"Original"$"Standard"$"Einzelseite"$""$""$"Württembergische Landesbibliothek Stuttgart"$"https://d-nb.info/gnd/40657-0"$"Stuttgart"$"https://d-nb.info/gnd/4058282-6"$"Württembergische Landesbibliothek Stuttgart"$"https://d-nb.info/gnd/40657-0"$"Stuttgart"$"https://d-nb.info/gnd/4058282-6"
"97"$"Cod. bibl. 4° 15"$""$"https://digital.wlb-stuttgart.de/purl/kxp1799725685"$"https://digital.wlb-stuttgart.de/content/urn:nbn:de:bsz:24-digibib-kxp17997256855/jpg/thumbs/00000001.jpg"$"Komplett"$"Original"$"Standard"$"Einzelseite"$""$""$"Württembergische Landesbibliothek Stuttgart"$"https://d-nb.info/gnd/40657-0"$"Stuttgart"$"https://d-nb.info/gnd/4058282-6"$"Württembergische Landesbibliothek Stuttgart"$"https://d-nb.info/gnd/40657-0"$"Stuttgart"$"https://d-nb.info/gnd/4058282-6"
"98"$"Cod. bibl. 4° 28"$""$"https://digital.wlb-stuttgart.de/purl/bsz349885540"$"https://digital.wlb-stuttgart.de/content/urn:nbn:de:bsz:24-digibib-bsz3498855400/jpg/thumbs/00000001.jpg"$"Komplett"$"Original"$"Standard"$"Einzelseite"$""$""$"Württembergische Landesbibliothek Stuttgart"$"https://d-nb.info/gnd/40657-0"$"Stuttgart"$"https://d-nb.info/gnd/4058282-6"$"Württembergische Landesbibliothek Stuttgart"$"https://d-nb.info/gnd/40657-0"$"Stuttgart"$"https://d-nb.info/gnd/4058282-6"
"99"$"Cod. bibl. 4° 2a"$""$"https://digital.wlb-stuttgart.de/purl/bsz349830452"$"https://digital.wlb-stuttgart.de/content/urn:nbn:de:bsz:24-digibib-bsz3498304526/jpg/thumbs/00000001.jpg"$"Komplett"$"Original"$"Standard"$"Einzelseite"$""$""$"Württembergische Landesbibliothek Stuttgart"$"https://d-nb.info/gnd/40657-0"$"Stuttgart"$"https://d-nb.info/gnd/4058282-6"$"Württembergische Landesbibliothek Stuttgart"$"https://d-nb.info/gnd/40657-0"$"Stuttgart"$"https://d-nb.info/gnd/4058282-6"
"100"$"Cod. bibl. 4° 2b"$""$"https://digital.wlb-stuttgart.de/purl/bsz349838410"$"https://digital.wlb-stuttgart.de/content/urn:nbn:de:bsz:24-digibib-bsz3498384100/jpg/thumbs/00000001.jpg"$"Komplett"$"Original"$"Standard"$"Einzelseite"$""$""$"Württembergische Landesbibliothek Stuttgart"$"https://d-nb.info/gnd/40657-0"$"Stuttgart"$"https://d-nb.info/gnd/4058282-6"$"Württembergische Landesbibliothek Stuttgart"$"https://d-nb.info/gnd/40657-0"$"Stuttgart"$"https://d-nb.info/gnd/4058282-6"
"101"$"Cod. bibl. 4° 3"$""$"https://digital.wlb-stuttgart.de/purl/bsz349826536"$"https://digital.wlb-stuttgart.de/content/urn:nbn:de:bsz:24-digibib-bsz3498265367/jpg/thumbs/00000001.jpg"$"Komplett"$"Original"$"Standard"$"Einzelseite"$""$""$"Württembergische Landesbibliothek Stuttgart"$"https://d-nb.info/gnd/40657-0"$"Stuttgart"$"https://d-nb.info/gnd/4058282-6"$"Württembergische Landesbibliothek Stuttgart"$"https://d-nb.info/gnd/40657-0"$"Stuttgart"$"https://d-nb.info/gnd/4058282-6"
"102"$"Cod. bibl. 4° 32"$""$"https://digital.wlb-stuttgart.de/purl/bsz349875944"$"https://digital.wlb-stuttgart.de/content/urn:nbn:de:bsz:24-digibib-bsz3498759447/jpg/thumbs/00000001.jpg"$"Komplett"$"Original"$"Standard"$"Einzelseite"$""$""$"Württembergische Landesbibliothek Stuttgart"$"https://d-nb.info/gnd/40657-0"$"Stuttgart"$"https://d-nb.info/gnd/4058282-6"$"Württembergische Landesbibliothek Stuttgart"$"https://d-nb.info/gnd/40657-0"$"Stuttgart"$"https://d-nb.info/gnd/4058282-6"
"103"$"Cod. bibl. 4° 36"$""$"https://digital.wlb-stuttgart.de/purl/kxp1692684825"$"https://digital.wlb-stuttgart.de/content/urn:nbn:de:bsz:24-digibib-kxp16926848256/jpg/thumbs/00000001.jpg"$"Komplett"$"Original"$"Standard"$"Einzelseite"$""$""$"Württembergische Landesbibliothek Stuttgart"$"https://d-nb.info/gnd/40657-0"$"Stuttgart"$"https://d-nb.info/gnd/4058282-6"$"Württembergische Landesbibliothek Stuttgart"$"https://d-nb.info/gnd/40657-0"$"Stuttgart"$"https://d-nb.info/gnd/4058282-6"
"104"$"Cod. bibl. 4° 39"$""$"https://digital.wlb-stuttgart.de/purl/bsz350730040"$"https://digital.wlb-stuttgart.de/content/urn:nbn:de:bsz:24-digibib-bsz3507300405/jpg/thumbs/00000001.jpg"$"Komplett"$"Original"$"Standard"$"Einzelseite"$""$""$"Württembergische Landesbibliothek Stuttgart"$"https://d-nb.info/gnd/40657-0"$"Stuttgart"$"https://d-nb.info/gnd/4058282-6"$"Württembergische Landesbibliothek Stuttgart"$"https://d-nb.info/gnd/40657-0"$"Stuttgart"$"https://d-nb.info/gnd/4058282-6"
"105"$"Cod. bibl. 4° 40"$""$"https://digital.wlb-stuttgart.de/purl/bsz350728313"$"https://digital.wlb-stuttgart.de/content/urn:nbn:de:bsz:24-digibib-bsz3507283135/jpg/thumbs/00000001.jpg"$"Komplett"$"Original"$"Standard"$"Einzelseite"$""$""$"Württembergische Landesbibliothek Stuttgart"$"https://d-nb.info/gnd/40657-0"$"Stuttgart"$"https://d-nb.info/gnd/4058282-6"$"Württembergische Landesbibliothek Stuttgart"$"https://d-nb.info/gnd/40657-0"$"Stuttgart"$"https://d-nb.info/gnd/4058282-6"
"106"$"Cod. bibl. 4° 41a"$""$"https://digital.wlb-stuttgart.de/purl/bsz350989990"$"https://digital.wlb-stuttgart.de/content/urn:nbn:de:bsz:24-digibib-bsz3509899907/jpg/thumbs/00000001.jpg"$"Komplett"$"Original"$"Standard"$"Einzelseite"$""$""$"Württembergische Landesbibliothek Stuttgart"$"https://d-nb.info/gnd/40657-0"$"Stuttgart"$"https://d-nb.info/gnd/4058282-6"$"Württembergische Landesbibliothek Stuttgart"$"https://d-nb.info/gnd/40657-0"$"Stuttgart"$"https://d-nb.info/gnd/4058282-6"
"107"$"Cod. bibl. 4° 41b"$""$"https://digital.wlb-stuttgart.de/purl/bsz350992584"$"https://digital.wlb-stuttgart.de/content/urn:nbn:de:bsz:24-digibib-bsz3509925844/jpg/thumbs/00000001.jpg"$"Komplett"$"Original"$"Standard"$"Einzelseite"$""$""$"Württembergische Landesbibliothek Stuttgart"$"https://d-nb.info/gnd/40657-0"$"Stuttgart"$"https://d-nb.info/gnd/4058282-6"$"Württembergische Landesbibliothek Stuttgart"$"https://d-nb.info/gnd/40657-0"$"Stuttgart"$"https://d-nb.info/gnd/4058282-6"
"108"$"Cod. bibl. 4° 41c"$""$"https://digital.wlb-stuttgart.de/purl/bsz350994242"$"https://digital.wlb-stuttgart.de/content/urn:nbn:de:bsz:24-digibib-bsz3509942429/jpg/thumbs/00000001.jpg"$"Komplett"$"Original"$"Standard"$"Einzelseite"$""$""$"Württembergische Landesbibliothek Stuttgart"$"https://d-nb.info/gnd/40657-0"$"Stuttgart"$"https://d-nb.info/gnd/4058282-6"$"Württembergische Landesbibliothek Stuttgart"$"https://d-nb.info/gnd/40657-0"$"Stuttgart"$"https://d-nb.info/gnd/4058282-6"
"109"$"Cod. bibl. 4° 46"$""$"https://digital.wlb-stuttgart.de/purl/bsz413015173"$"https://digital.wlb-stuttgart.de/content/urn:nbn:de:bsz:24-digibib-bsz4130151733/jpg/thumbs/00000001.jpg"$"Komplett"$"Original"$"Standard"$"Einzelseite"$""$""$"Württembergische Landesbibliothek Stuttgart"$"https://d-nb.info/gnd/40657-0"$"Stuttgart"$"https://d-nb.info/gnd/4058282-6"$"Württembergische Landesbibliothek Stuttgart"$"https://d-nb.info/gnd/40657-0"$"Stuttgart"$"https://d-nb.info/gnd/4058282-6"
"110"$"Cod. bibl. 4° 6"$""$"https://digital.wlb-stuttgart.de/purl/bsz369844580"$"https://digital.wlb-stuttgart.de/content/urn:nbn:de:bsz:24-digibib-bsz3698445805/jpg/thumbs/00000001.jpg"$"Komplett"$"Original"$"Standard"$"Einzelseite"$""$""$"Württembergische Landesbibliothek Stuttgart"$"https://d-nb.info/gnd/40657-0"$"Stuttgart"$"https://d-nb.info/gnd/4058282-6"$"Württembergische Landesbibliothek Stuttgart"$"https://d-nb.info/gnd/40657-0"$"Stuttgart"$"https://d-nb.info/gnd/4058282-6"
"111"$"Cod. bibl. 4° 7"$""$"https://digital.wlb-stuttgart.de/purl/bsz349820147"$"https://digital.wlb-stuttgart.de/content/urn:nbn:de:bsz:24-digibib-bsz3498201479/jpg/thumbs/00000001.jpg"$"Komplett"$"Original"$"Standard"$"Einzelseite"$""$""$"Württembergische Landesbibliothek Stuttgart"$"https://d-nb.info/gnd/40657-0"$"Stuttgart"$"https://d-nb.info/gnd/4058282-6"$"Württembergische Landesbibliothek Stuttgart"$"https://d-nb.info/gnd/40657-0"$"Stuttgart"$"https://d-nb.info/gnd/4058282-6"
"112"$"Cod. bibl. 8° 17"$""$"https://digital.wlb-stuttgart.de/purl/bsz483706744"$"https://digital.wlb-stuttgart.de/content/urn:nbn:de:bsz:24-digibib-bsz4837067446/jpg/thumbs/00000001.jpg"$"Komplett"$"Original"$"Standard"$"Einzelseite"$""$""$"Württembergische Landesbibliothek Stuttgart"$"https://d-nb.info/gnd/40657-0"$"Stuttgart"$"https://d-nb.info/gnd/4058282-6"$"Württembergische Landesbibliothek Stuttgart"$"https://d-nb.info/gnd/40657-0"$"Stuttgart"$"https://d-nb.info/gnd/4058282-6"
"113"$"Cod. brev. 1"$""$"https://digital.wlb-stuttgart.de/purl/bsz367137496"$"https://digital.wlb-stuttgart.de/content/urn:nbn:de:bsz:24-digibib-bsz3671374962/jpg/thumbs/00000001.jpg"$"Komplett"$"Original"$"Standard"$"Einzelseite"$""$""$"Württembergische Landesbibliothek Stuttgart"$"https://d-nb.info/gnd/40657-0"$"Stuttgart"$"https://d-nb.info/gnd/4058282-6"$"Württembergische Landesbibliothek Stuttgart"$"https://d-nb.info/gnd/40657-0"$"Stuttgart"$"https://d-nb.info/gnd/4058282-6"
"114"$"Cod. brev. 102"$""$"https://digital.wlb-stuttgart.de/purl/kxp1728490340"$"https://digital.wlb-stuttgart.de/content/urn:nbn:de:bsz:24-digibib-kxp17284903404/jpg/thumbs/00000001.jpg"$"Komplett"$"Original"$"Standard"$"Einzelseite"$""$""$"Württembergische Landesbibliothek Stuttgart"$"https://d-nb.info/gnd/40657-0"$"Stuttgart"$"https://d-nb.info/gnd/4058282-6"$"Württembergische Landesbibliothek Stuttgart"$"https://d-nb.info/gnd/40657-0"$"Stuttgart"$"https://d-nb.info/gnd/4058282-6"
"115"$"Cod. brev. 103"$""$"https://digital.wlb-stuttgart.de/purl/kxp1744858357"$"https://digital.wlb-stuttgart.de/content/urn:nbn:de:bsz:24-digibib-kxp17448583578/jpg/thumbs/00000001.jpg"$"Komplett"$"Original"$"Standard"$"Einzelseite"$""$""$"Württembergische Landesbibliothek Stuttgart"$"https://d-nb.info/gnd/40657-0"$"Stuttgart"$"https://d-nb.info/gnd/4058282-6"$"Württembergische Landesbibliothek Stuttgart"$"https://d-nb.info/gnd/40657-0"$"Stuttgart"$"https://d-nb.info/gnd/4058282-6"
"116"$"Cod. brev. 108"$""$"https://digital.wlb-stuttgart.de/purl/bsz485910101"$"https://digital.wlb-stuttgart.de/content/urn:nbn:de:bsz:24-digibib-bsz4859101010/jpg/thumbs/00000001.jpg"$"Komplett"$"Original"$"Standard"$"Einzelseite"$""$""$"Württembergische Landesbibliothek Stuttgart"$"https://d-nb.info/gnd/40657-0"$"Stuttgart"$"https://d-nb.info/gnd/4058282-6"$"Württembergische Landesbibliothek Stuttgart"$"https://d-nb.info/gnd/40657-0"$"Stuttgart"$"https://d-nb.info/gnd/4058282-6"
"117"$"Cod. brev. 11"$""$"https://digital.wlb-stuttgart.de/purl/bsz349920109"$"https://digital.wlb-stuttgart.de/content/urn:nbn:de:bsz:24-digibib-bsz3499201091/jpg/thumbs/00000001.jpg"$"Komplett"$"Original"$"Standard"$"Einzelseite"$""$""$"Württembergische Landesbibliothek Stuttgart"$"https://d-nb.info/gnd/40657-0"$"Stuttgart"$"https://d-nb.info/gnd/4058282-6"$"Württembergische Landesbibliothek Stuttgart"$"https://d-nb.info/gnd/40657-0"$"Stuttgart"$"https://d-nb.info/gnd/4058282-6"
"118"$"Cod. brev. 113"$""$"https://digital.wlb-stuttgart.de/purl/bsz411132377"$"https://digital.wlb-stuttgart.de/content/urn:nbn:de:bsz:24-digibib-bsz4111323779/jpg/thumbs/00000001.jpg"$"Komplett"$"Original"$"Standard"$"Einzelseite"$""$""$"Württembergische Landesbibliothek Stuttgart"$"https://d-nb.info/gnd/40657-0"$"Stuttgart"$"https://d-nb.info/gnd/4058282-6"$"Württembergische Landesbibliothek Stuttgart"$"https://d-nb.info/gnd/40657-0"$"Stuttgart"$"https://d-nb.info/gnd/4058282-6"
"119"$"Cod. brev. 12"$""$"https://digital.wlb-stuttgart.de/purl/bsz349942285"$"https://digital.wlb-stuttgart.de/content/urn:nbn:de:bsz:24-digibib-bsz3499422857/jpg/thumbs/00000001.jpg"$"Komplett"$"Original"$"Standard"$"Einzelseite"$""$""$"Württembergische Landesbibliothek Stuttgart"$"https://d-nb.info/gnd/40657-0"$"Stuttgart"$"https://d-nb.info/gnd/4058282-6"$"Württembergische Landesbibliothek Stuttgart"$"https://d-nb.info/gnd/40657-0"$"Stuttgart"$"https://d-nb.info/gnd/4058282-6"
"120"$"Cod. brev. 121"$""$"https://digital.wlb-stuttgart.de/purl/bsz350726493"$"https://digital.wlb-stuttgart.de/content/urn:nbn:de:bsz:24-digibib-bsz3507264939/jpg/thumbs/00000001.jpg"$"Komplett"$"Original"$"Standard"$"Einzelseite"$""$""$"Württembergische Landesbibliothek Stuttgart"$"https://d-nb.info/gnd/40657-0"$"Stuttgart"$"https://d-nb.info/gnd/4058282-6"$"Württembergische Landesbibliothek Stuttgart"$"https://d-nb.info/gnd/40657-0"$"Stuttgart"$"https://d-nb.info/gnd/4058282-6"
"121"$"Cod. brev. 122"$""$"https://digital.wlb-stuttgart.de/purl/bsz411961594"$"https://digital.wlb-stuttgart.de/content/urn:nbn:de:bsz:24-digibib-bsz4119615948/jpg/thumbs/00000001.jpg"$"Komplett"$"Original"$"Standard"$"Einzelseite"$""$""$"Württembergische Landesbibliothek Stuttgart"$"https://d-nb.info/gnd/40657-0"$"Stuttgart"$"https://d-nb.info/gnd/4058282-6"$"Württembergische Landesbibliothek Stuttgart"$"https://d-nb.info/gnd/40657-0"$"Stuttgart"$"https://d-nb.info/gnd/4058282-6"
"122"$"Cod. brev. 123"$""$"https://digital.wlb-stuttgart.de/purl/bsz381839516"$"https://digital.wlb-stuttgart.de/content/urn:nbn:de:bsz:24-digibib-bsz3818395165/jpg/thumbs/00000001.jpg"$"Komplett"$"Original"$"Standard"$"Einzelseite"$""$""$"Württembergische Landesbibliothek Stuttgart"$"https://d-nb.info/gnd/40657-0"$"Stuttgart"$"https://d-nb.info/gnd/4058282-6"$"Württembergische Landesbibliothek Stuttgart"$"https://d-nb.info/gnd/40657-0"$"Stuttgart"$"https://d-nb.info/gnd/4058282-6"
"123"$"Cod. brev. 125"$""$"https://digital.wlb-stuttgart.de/purl/bsz350721564"$"https://digital.wlb-stuttgart.de/content/urn:nbn:de:bsz:24-digibib-bsz3507215647/jpg/thumbs/00000001.jpg"$"Komplett"$"Original"$"Standard"$"Einzelseite"$""$""$"Württembergische Landesbibliothek Stuttgart"$"https://d-nb.info/gnd/40657-0"$"Stuttgart"$"https://d-nb.info/gnd/4058282-6"$"Württembergische Landesbibliothek Stuttgart"$"https://d-nb.info/gnd/40657-0"$"Stuttgart"$"https://d-nb.info/gnd/4058282-6"
"124"$"Cod. brev. 126"$""$"https://digital.wlb-stuttgart.de/purl/bsz34988871X"$"https://digital.wlb-stuttgart.de/content/urn:nbn:de:bsz:24-digibib-bsz34988871X9/jpg/thumbs/00000001.jpg"$"Komplett"$"Original"$"Standard"$"Einzelseite"$""$""$"Württembergische Landesbibliothek Stuttgart"$"https://d-nb.info/gnd/40657-0"$"Stuttgart"$"https://d-nb.info/gnd/4058282-6"$"Württembergische Landesbibliothek Stuttgart"$"https://d-nb.info/gnd/40657-0"$"Stuttgart"$"https://d-nb.info/gnd/4058282-6"
"125"$"Cod. brev. 128"$""$"https://digital.wlb-stuttgart.de/purl/bsz33972076X"$"https://digital.wlb-stuttgart.de/content/urn:nbn:de:bsz:24-digibib-bsz33972076X7/jpg/thumbs/00000001.jpg"$"Komplett"$"Original"$"Standard"$"Einzelseite"$""$""$"Württembergische Landesbibliothek Stuttgart"$"https://d-nb.info/gnd/40657-0"$"Stuttgart"$"https://d-nb.info/gnd/4058282-6"$"Württembergische Landesbibliothek Stuttgart"$"https://d-nb.info/gnd/40657-0"$"Stuttgart"$"https://d-nb.info/gnd/4058282-6"
"126"$"Cod. brev. 139"$""$"https://digital.wlb-stuttgart.de/purl/bsz34989003X"$"https://digital.wlb-stuttgart.de/content/urn:nbn:de:bsz:24-digibib-bsz34989003X3/jpg/thumbs/00000001.jpg"$"Komplett"$"Original"$"Standard"$"Einzelseite"$""$""$"Württembergische Landesbibliothek Stuttgart"$"https://d-nb.info/gnd/40657-0"$"Stuttgart"$"https://d-nb.info/gnd/4058282-6"$"Württembergische Landesbibliothek Stuttgart"$"https://d-nb.info/gnd/40657-0"$"Stuttgart"$"https://d-nb.info/gnd/4058282-6"
"127"$"Cod. brev. 152"$""$"https://digital.wlb-stuttgart.de/purl/bsz369849752"$"https://digital.wlb-stuttgart.de/content/urn:nbn:de:bsz:24-digibib-bsz3698497529/jpg/thumbs/00000001.jpg"$"Komplett"$"Original"$"Standard"$"Einzelseite"$""$""$"Württembergische Landesbibliothek Stuttgart"$"https://d-nb.info/gnd/40657-0"$"Stuttgart"$"https://d-nb.info/gnd/4058282-6"$"Württembergische Landesbibliothek Stuttgart"$"https://d-nb.info/gnd/40657-0"$"Stuttgart"$"https://d-nb.info/gnd/4058282-6"
"128"$"Cod. brev. 160"$""$"https://digital.wlb-stuttgart.de/purl/bsz349891699"$"https://digital.wlb-stuttgart.de/content/urn:nbn:de:bsz:24-digibib-bsz3498916995/jpg/thumbs/00000001.jpg"$"Komplett"$"Original"$"Standard"$"Einzelseite"$""$""$"Württembergische Landesbibliothek Stuttgart"$"https://d-nb.info/gnd/40657-0"$"Stuttgart"$"https://d-nb.info/gnd/4058282-6"$"Württembergische Landesbibliothek Stuttgart"$"https://d-nb.info/gnd/40657-0"$"Stuttgart"$"https://d-nb.info/gnd/4058282-6"
"129"$"Cod. brev. 161"$""$"https://digital.wlb-stuttgart.de/purl/bsz485911590"$"https://digital.wlb-stuttgart.de/content/urn:nbn:de:bsz:24-digibib-bsz4859115905/jpg/thumbs/00000001.jpg"$"Komplett"$"Original"$"Standard"$"Einzelseite"$""$""$"Württembergische Landesbibliothek Stuttgart"$"https://d-nb.info/gnd/40657-0"$"Stuttgart"$"https://d-nb.info/gnd/4058282-6"$"Württembergische Landesbibliothek Stuttgart"$"https://d-nb.info/gnd/40657-0"$"Stuttgart"$"https://d-nb.info/gnd/4058282-6"
"130"$"Cod. brev. 162"$""$"https://digital.wlb-stuttgart.de/purl/bsz330054589"$"https://digital.wlb-stuttgart.de/content/urn:nbn:de:bsz:24-digibib-bsz3300545891/jpg/thumbs/00000001.jpg"$"Komplett"$"Original"$"Standard"$"Einzelseite"$""$""$"Württembergische Landesbibliothek Stuttgart"$"https://d-nb.info/gnd/40657-0"$"Stuttgart"$"https://d-nb.info/gnd/4058282-6"$"Württembergische Landesbibliothek Stuttgart"$"https://d-nb.info/gnd/40657-0"$"Stuttgart"$"https://d-nb.info/gnd/4058282-6"
"131"$"Cod. brev. 23"$""$"https://digital.wlb-stuttgart.de/purl/bsz477051626"$"https://digital.wlb-stuttgart.de/content/urn:nbn:de:bsz:24-digibib-bsz4770516263/jpg/thumbs/00000001.jpg"$"Komplett"$"Original"$"Standard"$"Einzelseite"$""$""$"Württembergische Landesbibliothek Stuttgart"$"https://d-nb.info/gnd/40657-0"$"Stuttgart"$"https://d-nb.info/gnd/4058282-6"$"Württembergische Landesbibliothek Stuttgart"$"https://d-nb.info/gnd/40657-0"$"Stuttgart"$"https://d-nb.info/gnd/4058282-6"
"132"$"Cod. brev. 4"$""$"https://digital.wlb-stuttgart.de/purl/bsz34992175X"$"https://digital.wlb-stuttgart.de/content/urn:nbn:de:bsz:24-digibib-bsz34992175X1/jpg/thumbs/00000001.jpg"$"Komplett"$"Original"$"Standard"$"Einzelseite"$""$""$"Württembergische Landesbibliothek Stuttgart"$"https://d-nb.info/gnd/40657-0"$"Stuttgart"$"https://d-nb.info/gnd/4058282-6"$"Württembergische Landesbibliothek Stuttgart"$"https://d-nb.info/gnd/40657-0"$"Stuttgart"$"https://d-nb.info/gnd/4058282-6"
"133"$"Cod. brev. 48"$""$"https://digital.wlb-stuttgart.de/purl/bsz416250629"$"https://digital.wlb-stuttgart.de/content/urn:nbn:de:bsz:24-digibib-bsz4162506297/jpg/thumbs/00000001.jpg"$"Komplett"$"Original"$"Standard"$"Einzelseite"$""$""$"Württembergische Landesbibliothek Stuttgart"$"https://d-nb.info/gnd/40657-0"$"Stuttgart"$"https://d-nb.info/gnd/4058282-6"$"Württembergische Landesbibliothek Stuttgart"$"https://d-nb.info/gnd/40657-0"$"Stuttgart"$"https://d-nb.info/gnd/4058282-6"
"134"$"Cod. brev. 5"$""$"https://digital.wlb-stuttgart.de/purl/bsz337691053"$"https://digital.wlb-stuttgart.de/content/urn:nbn:de:bsz:24-digibib-bsz3376910537/jpg/thumbs/00000001.jpg"$"Komplett"$"Original"$"Standard"$"Einzelseite"$""$""$"Württembergische Landesbibliothek Stuttgart"$"https://d-nb.info/gnd/40657-0"$"Stuttgart"$"https://d-nb.info/gnd/4058282-6"$"Württembergische Landesbibliothek Stuttgart"$"https://d-nb.info/gnd/40657-0"$"Stuttgart"$"https://d-nb.info/gnd/4058282-6"
"135"$"Cod. brev. 75"$""$"https://digital.wlb-stuttgart.de/purl/bsz378557718"$"https://digital.wlb-stuttgart.de/content/urn:nbn:de:bsz:24-digibib-bsz3785577185/jpg/thumbs/00000001.jpg"$"Komplett"$"Original"$"Standard"$"Einzelseite"$""$""$"Württembergische Landesbibliothek Stuttgart"$"https://d-nb.info/gnd/40657-0"$"Stuttgart"$"https://d-nb.info/gnd/4058282-6"$"Württembergische Landesbibliothek Stuttgart"$"https://d-nb.info/gnd/40657-0"$"Stuttgart"$"https://d-nb.info/gnd/4058282-6"
"136"$"Cod. brev. 78"$""$"https://digital.wlb-stuttgart.de/purl/bsz417623119"$"https://digital.wlb-stuttgart.de/content/urn:nbn:de:bsz:24-digibib-bsz4176231190/jpg/thumbs/00000001.jpg"$"Komplett"$"Original"$"Standard"$"Einzelseite"$""$""$"Württembergische Landesbibliothek Stuttgart"$"https://d-nb.info/gnd/40657-0"$"Stuttgart"$"https://d-nb.info/gnd/4058282-6"$"Württembergische Landesbibliothek Stuttgart"$"https://d-nb.info/gnd/40657-0"$"Stuttgart"$"https://d-nb.info/gnd/4058282-6"
"137"$"Cod. brev. 81"$""$"https://digital.wlb-stuttgart.de/purl/bsz350781877"$"https://digital.wlb-stuttgart.de/content/urn:nbn:de:bsz:24-digibib-bsz3507818779/jpg/thumbs/00000001.jpg"$"Komplett"$"Original"$"Standard"$"Einzelseite"$""$""$"Württembergische Landesbibliothek Stuttgart"$"https://d-nb.info/gnd/40657-0"$"Stuttgart"$"https://d-nb.info/gnd/4058282-6"$"Württembergische Landesbibliothek Stuttgart"$"https://d-nb.info/gnd/40657-0"$"Stuttgart"$"https://d-nb.info/gnd/4058282-6"
"138"$"Cod. brev. 88"$""$"https://digital.wlb-stuttgart.de/purl/bsz500430624"$"https://digital.wlb-stuttgart.de/content/urn:nbn:de:bsz:24-digibib-bsz5004306247/jpg/thumbs/00000001.jpg"$"Komplett"$"Original"$"Standard"$"Einzelseite"$""$""$"Württembergische Landesbibliothek Stuttgart"$"https://d-nb.info/gnd/40657-0"$"Stuttgart"$"https://d-nb.info/gnd/4058282-6"$"Württembergische Landesbibliothek Stuttgart"$"https://d-nb.info/gnd/40657-0"$"Stuttgart"$"https://d-nb.info/gnd/4058282-6"
"139"$"Cod. brev. 91"$""$"https://digital.wlb-stuttgart.de/purl/bsz330052330"$"https://digital.wlb-stuttgart.de/content/urn:nbn:de:bsz:24-digibib-bsz3300523300/jpg/thumbs/00000001.jpg"$"Komplett"$"Original"$"Standard"$"Einzelseite"$""$""$"Württembergische Landesbibliothek Stuttgart"$"https://d-nb.info/gnd/40657-0"$"Stuttgart"$"https://d-nb.info/gnd/4058282-6"$"Württembergische Landesbibliothek Stuttgart"$"https://d-nb.info/gnd/40657-0"$"Stuttgart"$"https://d-nb.info/gnd/4058282-6"
"140"$"Cod. brev. 99"$""$"https://digital.wlb-stuttgart.de/purl/bsz411961764"$"https://digital.wlb-stuttgart.de/content/urn:nbn:de:bsz:24-digibib-bsz4119617648/jpg/thumbs/00000001.jpg"$"Komplett"$"Original"$"Standard"$"Einzelseite"$""$""$"Württembergische Landesbibliothek Stuttgart"$"https://d-nb.info/gnd/40657-0"$"Stuttgart"$"https://d-nb.info/gnd/4058282-6"$"Württembergische Landesbibliothek Stuttgart"$"https://d-nb.info/gnd/40657-0"$"Stuttgart"$"https://d-nb.info/gnd/4058282-6"
"141"$"Cod. cam. et oec. 2° 1"$""$"https://digital.wlb-stuttgart.de/purl/bsz351003746"$"https://digital.wlb-stuttgart.de/content/urn:nbn:de:bsz:24-digibib-bsz3510037469/jpg/thumbs/00000001.jpg"$"Komplett"$"Original"$"Standard"$"Einzelseite"$""$""$"Württembergische Landesbibliothek Stuttgart"$"https://d-nb.info/gnd/40657-0"$"Stuttgart"$"https://d-nb.info/gnd/4058282-6"$"Württembergische Landesbibliothek Stuttgart"$"https://d-nb.info/gnd/40657-0"$"Stuttgart"$"https://d-nb.info/gnd/4058282-6"
"142"$"Cod. cam. et oec. 2° 3"$""$"https://digital.wlb-stuttgart.de/purl/bsz384771122"$"https://digital.wlb-stuttgart.de/content/urn:nbn:de:bsz:24-digibib-bsz3847711228/jpg/thumbs/00000001.jpg"$"Komplett"$"Original"$"Standard"$"Einzelseite"$""$""$"Württembergische Landesbibliothek Stuttgart"$"https://d-nb.info/gnd/40657-0"$"Stuttgart"$"https://d-nb.info/gnd/4058282-6"$"Württembergische Landesbibliothek Stuttgart"$"https://d-nb.info/gnd/40657-0"$"Stuttgart"$"https://d-nb.info/gnd/4058282-6"
"143"$"Cod. cam. et oec. 2° 4"$""$"https://digital.wlb-stuttgart.de/purl/bsz38684786X"$"https://digital.wlb-stuttgart.de/content/urn:nbn:de:bsz:24-digibib-bsz38684786X2/jpg/thumbs/00000001.jpg"$"Komplett"$"Original"$"Standard"$"Einzelseite"$""$""$"Württembergische Landesbibliothek Stuttgart"$"https://d-nb.info/gnd/40657-0"$"Stuttgart"$"https://d-nb.info/gnd/4058282-6"$"Württembergische Landesbibliothek Stuttgart"$"https://d-nb.info/gnd/40657-0"$"Stuttgart"$"https://d-nb.info/gnd/4058282-6"
"144"$"Cod. cam. et oec. 4° 9"$""$"https://digital.wlb-stuttgart.de/purl/bsz510731821"$"https://digital.wlb-stuttgart.de/content/urn:nbn:de:bsz:24-digibib-bsz5107318210/jpg/thumbs/00000001.jpg"$"Komplett"$"Original"$"Standard"$"Einzelseite"$""$""$"Württembergische Landesbibliothek Stuttgart"$"https://d-nb.info/gnd/40657-0"$"Stuttgart"$"https://d-nb.info/gnd/4058282-6"$"Württembergische Landesbibliothek Stuttgart"$"https://d-nb.info/gnd/40657-0"$"Stuttgart"$"https://d-nb.info/gnd/4058282-6"
"145"$"Cod. cam. et oec. 4°/8° 52"$""$"https://digital.wlb-stuttgart.de/purl/bsz493409173"$"https://digital.wlb-stuttgart.de/content/urn:nbn:de:bsz:24-digibib-bsz4934091737/jpg/thumbs/00000001.jpg"$"Komplett"$"Original"$"Standard"$"Einzelseite"$""$""$"Württembergische Landesbibliothek Stuttgart"$"https://d-nb.info/gnd/40657-0"$"Stuttgart"$"https://d-nb.info/gnd/4058282-6"$"Württembergische Landesbibliothek Stuttgart"$"https://d-nb.info/gnd/40657-0"$"Stuttgart"$"https://d-nb.info/gnd/4058282-6"
"146"$"Cod. Don. 123"$""$"https://digital.wlb-stuttgart.de/purl/bsz352895640"$"https://digital.wlb-stuttgart.de/content/urn:nbn:de:bsz:24-digibib-bsz3528956402/jpg/thumbs/00000001.jpg"$"Komplett"$"Original"$"Standard"$"Einzelseite"$""$""$"Württembergische Landesbibliothek Stuttgart"$"https://d-nb.info/gnd/40657-0"$"Stuttgart"$"https://d-nb.info/gnd/4058282-6"$"Württembergische Landesbibliothek Stuttgart"$"https://d-nb.info/gnd/40657-0"$"Stuttgart"$"https://d-nb.info/gnd/4058282-6"
"147"$"Cod. Don. 180"$""$"https://digital.wlb-stuttgart.de/purl/bsz367436833"$"https://digital.wlb-stuttgart.de/content/urn:nbn:de:bsz:24-digibib-bsz3674368333/jpg/thumbs/00000001.jpg"$"Komplett"$"Original"$"Standard"$"Einzelseite"$""$""$"Württembergische Landesbibliothek Stuttgart"$"https://d-nb.info/gnd/40657-0"$"Stuttgart"$"https://d-nb.info/gnd/4058282-6"$"Württembergische Landesbibliothek Stuttgart"$"https://d-nb.info/gnd/40657-0"$"Stuttgart"$"https://d-nb.info/gnd/4058282-6"
"148"$"Cod. Don. 184"$""$"https://digital.wlb-stuttgart.de/purl/bsz367441918"$"https://digital.wlb-stuttgart.de/content/urn:nbn:de:bsz:24-digibib-bsz3674419187/jpg/thumbs/00000001.jpg"$"Komplett"$"Original"$"Standard"$"Einzelseite"$""$""$"Württembergische Landesbibliothek Stuttgart"$"https://d-nb.info/gnd/40657-0"$"Stuttgart"$"https://d-nb.info/gnd/4058282-6"$"Württembergische Landesbibliothek Stuttgart"$"https://d-nb.info/gnd/40657-0"$"Stuttgart"$"https://d-nb.info/gnd/4058282-6"
"149"$"Cod. Don. 186"$""$"https://digital.wlb-stuttgart.de/purl/bsz311458777"$"https://digital.wlb-stuttgart.de/content/urn:nbn:de:bsz:24-digibib-bsz3114587778/jpg/thumbs/00000001.jpg"$"Komplett"$"Original"$"Standard"$"Einzelseite"$""$""$"Württembergische Landesbibliothek Stuttgart"$"https://d-nb.info/gnd/40657-0"$"Stuttgart"$"https://d-nb.info/gnd/4058282-6"$"Württembergische Landesbibliothek Stuttgart"$"https://d-nb.info/gnd/40657-0"$"Stuttgart"$"https://d-nb.info/gnd/4058282-6"
"150"$"Cod. Don. 191"$""$"https://digital.wlb-stuttgart.de/purl/bsz339733195"$"https://digital.wlb-stuttgart.de/content/urn:nbn:de:bsz:24-digibib-bsz3397331951/jpg/thumbs/00000001.jpg"$"Komplett"$"Original"$"Standard"$"Einzelseite"$""$""$"Württembergische Landesbibliothek Stuttgart"$"https://d-nb.info/gnd/40657-0"$"Stuttgart"$"https://d-nb.info/gnd/4058282-6"$"Württembergische Landesbibliothek Stuttgart"$"https://d-nb.info/gnd/40657-0"$"Stuttgart"$"https://d-nb.info/gnd/4058282-6"
"151"$"Cod. Don. 250"$""$"https://digital.wlb-stuttgart.de/purl/bsz510728316"$"https://digital.wlb-stuttgart.de/content/urn:nbn:de:bsz:24-digibib-bsz5107283162/jpg/thumbs/00000001.jpg"$"Komplett"$"Original"$"Standard"$"Einzelseite"$""$""$"Württembergische Landesbibliothek Stuttgart"$"https://d-nb.info/gnd/40657-0"$"Stuttgart"$"https://d-nb.info/gnd/4058282-6"$"Württembergische Landesbibliothek Stuttgart"$"https://d-nb.info/gnd/40657-0"$"Stuttgart"$"https://d-nb.info/gnd/4058282-6"
"152"$"Cod. Don. 27"$""$"https://digital.wlb-stuttgart.de/purl/bsz493462627"$"https://digital.wlb-stuttgart.de/content/urn:nbn:de:bsz:24-digibib-bsz4934626270/jpg/thumbs/00000001.jpg"$"Komplett"$"Original"$"Standard"$"Einzelseite"$""$""$"Württembergische Landesbibliothek Stuttgart"$"https://d-nb.info/gnd/40657-0"$"Stuttgart"$"https://d-nb.info/gnd/4058282-6"$"Württembergische Landesbibliothek Stuttgart"$"https://d-nb.info/gnd/40657-0"$"Stuttgart"$"https://d-nb.info/gnd/4058282-6"
"153"$"Cod. Don. 309"$""$"https://digital.wlb-stuttgart.de/purl/bsz35289279X"$"https://digital.wlb-stuttgart.de/content/urn:nbn:de:bsz:24-digibib-bsz35289279X6/jpg/thumbs/00000001.jpg"$"Komplett"$"Original"$"Standard"$"Einzelseite"$""$""$"Württembergische Landesbibliothek Stuttgart"$"https://d-nb.info/gnd/40657-0"$"Stuttgart"$"https://d-nb.info/gnd/4058282-6"$"Württembergische Landesbibliothek Stuttgart"$"https://d-nb.info/gnd/40657-0"$"Stuttgart"$"https://d-nb.info/gnd/4058282-6"
"154"$"Cod. Don. 324"$""$"https://digital.wlb-stuttgart.de/purl/bsz367443376"$"https://digital.wlb-stuttgart.de/content/urn:nbn:de:bsz:24-digibib-bsz3674433769/jpg/thumbs/00000001.jpg"$"Komplett"$"Original"$"Standard"$"Einzelseite"$""$""$"Württembergische Landesbibliothek Stuttgart"$"https://d-nb.info/gnd/40657-0"$"Stuttgart"$"https://d-nb.info/gnd/4058282-6"$"Württembergische Landesbibliothek Stuttgart"$"https://d-nb.info/gnd/40657-0"$"Stuttgart"$"https://d-nb.info/gnd/4058282-6"
"155"$"Cod. Don. 332"$""$"https://digital.wlb-stuttgart.de/purl/bsz367283352"$"https://digital.wlb-stuttgart.de/content/urn:nbn:de:bsz:24-digibib-bsz3672833526/jpg/thumbs/00000001.jpg"$"Komplett"$"Original"$"Standard"$"Einzelseite"$""$""$"Württembergische Landesbibliothek Stuttgart"$"https://d-nb.info/gnd/40657-0"$"Stuttgart"$"https://d-nb.info/gnd/4058282-6"$"Württembergische Landesbibliothek Stuttgart"$"https://d-nb.info/gnd/40657-0"$"Stuttgart"$"https://d-nb.info/gnd/4058282-6"
"156"$"Cod. Don. 355"$""$"https://digital.wlb-stuttgart.de/purl/bsz367444976"$"https://digital.wlb-stuttgart.de/content/urn:nbn:de:bsz:24-digibib-bsz3674449769/jpg/thumbs/00000001.jpg"$"Komplett"$"Original"$"Standard"$"Einzelseite"$""$""$"Württembergische Landesbibliothek Stuttgart"$"https://d-nb.info/gnd/40657-0"$"Stuttgart"$"https://d-nb.info/gnd/4058282-6"$"Württembergische Landesbibliothek Stuttgart"$"https://d-nb.info/gnd/40657-0"$"Stuttgart"$"https://d-nb.info/gnd/4058282-6"
"157"$"Cod. Don. 373"$""$"https://digital.wlb-stuttgart.de/purl/bsz420414053"$"https://digital.wlb-stuttgart.de/content/urn:nbn:de:bsz:24-digibib-bsz4204140530/jpg/thumbs/00000001.jpg"$"Komplett"$"Original"$"Standard"$"Einzelseite"$""$""$"Württembergische Landesbibliothek Stuttgart"$"https://d-nb.info/gnd/40657-0"$"Stuttgart"$"https://d-nb.info/gnd/4058282-6"$"Württembergische Landesbibliothek Stuttgart"$"https://d-nb.info/gnd/40657-0"$"Stuttgart"$"https://d-nb.info/gnd/4058282-6"
"158"$"Cod. Don. 512"$""$"https://digital.wlb-stuttgart.de/purl/bsz411103342"$"https://digital.wlb-stuttgart.de/content/urn:nbn:de:bsz:24-digibib-bsz4111033427/jpg/thumbs/00000001.jpg"$"Komplett"$"Original"$"Standard"$"Einzelseite"$""$""$"Württembergische Landesbibliothek Stuttgart"$"https://d-nb.info/gnd/40657-0"$"Stuttgart"$"https://d-nb.info/gnd/4058282-6"$"Württembergische Landesbibliothek Stuttgart"$"https://d-nb.info/gnd/40657-0"$"Stuttgart"$"https://d-nb.info/gnd/4058282-6"
"159"$"Cod. Don. 580, Anh."$""$"https://digital.wlb-stuttgart.de/purl/bsz412068036"$"https://digital.wlb-stuttgart.de/content/urn:nbn:de:bsz:24-digibib-bsz4120680367/jpg/thumbs/00000001.jpg"$"Komplett"$"Original"$"Standard"$"Einzelseite"$""$""$"Württembergische Landesbibliothek Stuttgart"$"https://d-nb.info/gnd/40657-0"$"Stuttgart"$"https://d-nb.info/gnd/4058282-6"$"Württembergische Landesbibliothek Stuttgart"$"https://d-nb.info/gnd/40657-0"$"Stuttgart"$"https://d-nb.info/gnd/4058282-6"
"160"$"Cod. Don. 580, Reg."$""$"https://digital.wlb-stuttgart.de/purl/bsz412069180"$"https://digital.wlb-stuttgart.de/content/urn:nbn:de:bsz:24-digibib-bsz4120691801/jpg/thumbs/00000001.jpg"$"Komplett"$"Original"$"Standard"$"Einzelseite"$""$""$"Württembergische Landesbibliothek Stuttgart"$"https://d-nb.info/gnd/40657-0"$"Stuttgart"$"https://d-nb.info/gnd/4058282-6"$"Württembergische Landesbibliothek Stuttgart"$"https://d-nb.info/gnd/40657-0"$"Stuttgart"$"https://d-nb.info/gnd/4058282-6"
"161"$"Cod. Don. 580,a"$""$"https://digital.wlb-stuttgart.de/purl/bsz353085545"$"https://digital.wlb-stuttgart.de/content/urn:nbn:de:bsz:24-digibib-bsz3530855457/jpg/thumbs/00000001.jpg"$"Komplett"$"Original"$"Standard"$"Einzelseite"$""$""$"Württembergische Landesbibliothek Stuttgart"$"https://d-nb.info/gnd/40657-0"$"Stuttgart"$"https://d-nb.info/gnd/4058282-6"$"Württembergische Landesbibliothek Stuttgart"$"https://d-nb.info/gnd/40657-0"$"Stuttgart"$"https://d-nb.info/gnd/4058282-6"
"162"$"Cod. Don. 580,b"$""$"https://digital.wlb-stuttgart.de/purl/bsz353087033"$"https://digital.wlb-stuttgart.de/content/urn:nbn:de:bsz:24-digibib-bsz3530870335/jpg/thumbs/00000001.jpg"$"Komplett"$"Original"$"Standard"$"Einzelseite"$""$""$"Württembergische Landesbibliothek Stuttgart"$"https://d-nb.info/gnd/40657-0"$"Stuttgart"$"https://d-nb.info/gnd/4058282-6"$"Württembergische Landesbibliothek Stuttgart"$"https://d-nb.info/gnd/40657-0"$"Stuttgart"$"https://d-nb.info/gnd/4058282-6"
"163"$"Cod. Don. 581"$""$"https://digital.wlb-stuttgart.de/purl/bsz352871482"$"https://digital.wlb-stuttgart.de/content/urn:nbn:de:bsz:24-digibib-bsz3528714822/jpg/thumbs/00000001.jpg"$"Komplett"$"Original"$"Standard"$"Einzelseite"$""$""$"Württembergische Landesbibliothek Stuttgart"$"https://d-nb.info/gnd/40657-0"$"Stuttgart"$"https://d-nb.info/gnd/4058282-6"$"Württembergische Landesbibliothek Stuttgart"$"https://d-nb.info/gnd/40657-0"$"Stuttgart"$"https://d-nb.info/gnd/4058282-6"
"164"$"Cod. Don. 590"$""$"https://digital.wlb-stuttgart.de/purl/bsz352883766"$"https://digital.wlb-stuttgart.de/content/urn:nbn:de:bsz:24-digibib-bsz3528837664/jpg/thumbs/00000001.jpg"$"Komplett"$"Original"$"Standard"$"Einzelseite"$""$""$"Württembergische Landesbibliothek Stuttgart"$"https://d-nb.info/gnd/40657-0"$"Stuttgart"$"https://d-nb.info/gnd/4058282-6"$"Württembergische Landesbibliothek Stuttgart"$"https://d-nb.info/gnd/40657-0"$"Stuttgart"$"https://d-nb.info/gnd/4058282-6"
"165"$"Cod. Don. 593a"$""$"https://digital.wlb-stuttgart.de/purl/bsz481144323"$"https://digital.wlb-stuttgart.de/content/urn:nbn:de:bsz:24-digibib-bsz4811443232/jpg/thumbs/00000001.jpg"$"Komplett"$"Original"$"Standard"$"Einzelseite"$""$""$"Württembergische Landesbibliothek Stuttgart"$"https://d-nb.info/gnd/40657-0"$"Stuttgart"$"https://d-nb.info/gnd/4058282-6"$"Württembergische Landesbibliothek Stuttgart"$"https://d-nb.info/gnd/40657-0"$"Stuttgart"$"https://d-nb.info/gnd/4058282-6"
"166"$"Cod. Don. 593b"$""$"https://digital.wlb-stuttgart.de/purl/bsz481145338"$"https://digital.wlb-stuttgart.de/content/urn:nbn:de:bsz:24-digibib-bsz4811453381/jpg/thumbs/00000001.jpg"$"Komplett"$"Original"$"Standard"$"Einzelseite"$""$""$"Württembergische Landesbibliothek Stuttgart"$"https://d-nb.info/gnd/40657-0"$"Stuttgart"$"https://d-nb.info/gnd/4058282-6"$"Württembergische Landesbibliothek Stuttgart"$"https://d-nb.info/gnd/40657-0"$"Stuttgart"$"https://d-nb.info/gnd/4058282-6"
"167"$"Cod. Don. 618"$""$"https://digital.wlb-stuttgart.de/purl/bsz367446529"$"https://digital.wlb-stuttgart.de/content/urn:nbn:de:bsz:24-digibib-bsz3674465297/jpg/thumbs/00000001.jpg"$"Komplett"$"Original"$"Standard"$"Einzelseite"$""$""$"Württembergische Landesbibliothek Stuttgart"$"https://d-nb.info/gnd/40657-0"$"Stuttgart"$"https://d-nb.info/gnd/4058282-6"$"Württembergische Landesbibliothek Stuttgart"$"https://d-nb.info/gnd/40657-0"$"Stuttgart"$"https://d-nb.info/gnd/4058282-6"
"168"$"Cod. Don. 653"$""$"https://digital.wlb-stuttgart.de/purl/bsz409074942"$"https://digital.wlb-stuttgart.de/content/urn:nbn:de:bsz:24-digibib-bsz4090749423/jpg/thumbs/00000001.jpg"$"Komplett"$"Original"$"Standard"$"Einzelseite"$""$""$"Württembergische Landesbibliothek Stuttgart"$"https://d-nb.info/gnd/40657-0"$"Stuttgart"$"https://d-nb.info/gnd/4058282-6"$"Württembergische Landesbibliothek Stuttgart"$"https://d-nb.info/gnd/40657-0"$"Stuttgart"$"https://d-nb.info/gnd/4058282-6"
"169"$"Cod. Don. 654"$""$"https://digital.wlb-stuttgart.de/purl/bsz40908039X"$"https://digital.wlb-stuttgart.de/content/urn:nbn:de:bsz:24-digibib-bsz40908039X6/jpg/thumbs/00000001.jpg"$"Komplett"$"Original"$"Standard"$"Einzelseite"$""$""$"Württembergische Landesbibliothek Stuttgart"$"https://d-nb.info/gnd/40657-0"$"Stuttgart"$"https://d-nb.info/gnd/4058282-6"$"Württembergische Landesbibliothek Stuttgart"$"https://d-nb.info/gnd/40657-0"$"Stuttgart"$"https://d-nb.info/gnd/4058282-6"
"170"$"Cod. Don. 666"$""$"https://digital.wlb-stuttgart.de/purl/kxp1800857713"$"https://digital.wlb-stuttgart.de/content/urn:nbn:de:bsz:24-digibib-kxp18008577139/jpg/thumbs/00000001.jpg"$"Komplett"$"Original"$"Standard"$"Einzelseite"$""$""$"Württembergische Landesbibliothek Stuttgart"$"https://d-nb.info/gnd/40657-0"$"Stuttgart"$"https://d-nb.info/gnd/4058282-6"$"Württembergische Landesbibliothek Stuttgart"$"https://d-nb.info/gnd/40657-0"$"Stuttgart"$"https://d-nb.info/gnd/4058282-6"
"171"$"Cod. Don. 674"$""$"https://digital.wlb-stuttgart.de/purl/bsz455644012"$"https://digital.wlb-stuttgart.de/content/urn:nbn:de:bsz:24-digibib-bsz4556440128/jpg/thumbs/00000001.jpg"$"Komplett"$"Original"$"Standard"$"Einzelseite"$""$""$"Württembergische Landesbibliothek Stuttgart"$"https://d-nb.info/gnd/40657-0"$"Stuttgart"$"https://d-nb.info/gnd/4058282-6"$"Württembergische Landesbibliothek Stuttgart"$"https://d-nb.info/gnd/40657-0"$"Stuttgart"$"https://d-nb.info/gnd/4058282-6"
"172"$"Cod. Don. 704"$""$"https://digital.wlb-stuttgart.de/purl/bsz454511035"$"https://digital.wlb-stuttgart.de/content/urn:nbn:de:bsz:24-digibib-bsz4545110351/jpg/thumbs/00000001.jpg"$"Komplett"$"Original"$"Standard"$"Einzelseite"$""$""$"Württembergische Landesbibliothek Stuttgart"$"https://d-nb.info/gnd/40657-0"$"Stuttgart"$"https://d-nb.info/gnd/4058282-6"$"Württembergische Landesbibliothek Stuttgart"$"https://d-nb.info/gnd/40657-0"$"Stuttgart"$"https://d-nb.info/gnd/4058282-6"
"173"$"Cod. Don. 790"$""$"https://digital.wlb-stuttgart.de/purl/bsz444989021"$"https://digital.wlb-stuttgart.de/content/urn:nbn:de:bsz:24-digibib-bsz4449890214/jpg/thumbs/00000001.jpg"$"Komplett"$"Original"$"Standard"$"Einzelseite"$""$""$"Württembergische Landesbibliothek Stuttgart"$"https://d-nb.info/gnd/40657-0"$"Stuttgart"$"https://d-nb.info/gnd/4058282-6"$"Württembergische Landesbibliothek Stuttgart"$"https://d-nb.info/gnd/40657-0"$"Stuttgart"$"https://d-nb.info/gnd/4058282-6"
"174"$"Cod. Don. 791"$""$"https://digital.wlb-stuttgart.de/purl/kxp1765879647"$"https://digital.wlb-stuttgart.de/content/urn:nbn:de:bsz:24-digibib-kxp17658796473/jpg/thumbs/00000001.jpg"$"Komplett"$"Original"$"Standard"$"Einzelseite"$""$""$"Württembergische Landesbibliothek Stuttgart"$"https://d-nb.info/gnd/40657-0"$"Stuttgart"$"https://d-nb.info/gnd/4058282-6"$"Württembergische Landesbibliothek Stuttgart"$"https://d-nb.info/gnd/40657-0"$"Stuttgart"$"https://d-nb.info/gnd/4058282-6"
"175"$"Cod. Don. 808"$""$"https://digital.wlb-stuttgart.de/purl/bsz409986801"$"https://digital.wlb-stuttgart.de/content/urn:nbn:de:bsz:24-digibib-bsz4099868015/jpg/thumbs/00000001.jpg"$"Komplett"$"Original"$"Standard"$"Einzelseite"$""$""$"Württembergische Landesbibliothek Stuttgart"$"https://d-nb.info/gnd/40657-0"$"Stuttgart"$"https://d-nb.info/gnd/4058282-6"$"Württembergische Landesbibliothek Stuttgart"$"https://d-nb.info/gnd/40657-0"$"Stuttgart"$"https://d-nb.info/gnd/4058282-6"
"176"$"Cod. Don. 832"$""$"https://digital.wlb-stuttgart.de/purl/bsz411987933"$"https://digital.wlb-stuttgart.de/content/urn:nbn:de:bsz:24-digibib-bsz4119879335/jpg/thumbs/00000001.jpg"$"Komplett"$"Original"$"Standard"$"Einzelseite"$""$""$"Württembergische Landesbibliothek Stuttgart"$"https://d-nb.info/gnd/40657-0"$"Stuttgart"$"https://d-nb.info/gnd/4058282-6"$"Württembergische Landesbibliothek Stuttgart"$"https://d-nb.info/gnd/40657-0"$"Stuttgart"$"https://d-nb.info/gnd/4058282-6"
"177"$"Cod. Don. 877"$""$"https://digital.wlb-stuttgart.de/purl/bsz416950868"$"https://digital.wlb-stuttgart.de/content/urn:nbn:de:bsz:24-digibib-bsz4169508681/jpg/thumbs/00000001.jpg"$"Komplett"$"Original"$"Standard"$"Einzelseite"$""$""$"Württembergische Landesbibliothek Stuttgart"$"https://d-nb.info/gnd/40657-0"$"Stuttgart"$"https://d-nb.info/gnd/4058282-6"$"Württembergische Landesbibliothek Stuttgart"$"https://d-nb.info/gnd/40657-0"$"Stuttgart"$"https://d-nb.info/gnd/4058282-6"
"178"$"Cod. Don. 879"$""$"https://digital.wlb-stuttgart.de/purl/bsz337692173"$"https://digital.wlb-stuttgart.de/content/urn:nbn:de:bsz:24-digibib-bsz3376921731/jpg/thumbs/00000001.jpg"$"Komplett"$"Original"$"Standard"$"Einzelseite"$""$""$"Württembergische Landesbibliothek Stuttgart"$"https://d-nb.info/gnd/40657-0"$"Stuttgart"$"https://d-nb.info/gnd/4058282-6"$"Württembergische Landesbibliothek Stuttgart"$"https://d-nb.info/gnd/40657-0"$"Stuttgart"$"https://d-nb.info/gnd/4058282-6"
"179"$"Cod. Don. 880"$""$"https://digital.wlb-stuttgart.de/purl/bsz409988138"$"https://digital.wlb-stuttgart.de/content/urn:nbn:de:bsz:24-digibib-bsz4099881381/jpg/thumbs/00000001.jpg"$"Komplett"$"Original"$"Standard"$"Einzelseite"$""$""$"Württembergische Landesbibliothek Stuttgart"$"https://d-nb.info/gnd/40657-0"$"Stuttgart"$"https://d-nb.info/gnd/4058282-6"$"Württembergische Landesbibliothek Stuttgart"$"https://d-nb.info/gnd/40657-0"$"Stuttgart"$"https://d-nb.info/gnd/4058282-6"
"180"$"Cod. Don. 895"$""$"https://digital.wlb-stuttgart.de/purl/bsz417625286"$"https://digital.wlb-stuttgart.de/content/urn:nbn:de:bsz:24-digibib-bsz4176252863/jpg/thumbs/00000001.jpg"$"Komplett"$"Original"$"Standard"$"Einzelseite"$""$""$"Württembergische Landesbibliothek Stuttgart"$"https://d-nb.info/gnd/40657-0"$"Stuttgart"$"https://d-nb.info/gnd/4058282-6"$"Württembergische Landesbibliothek Stuttgart"$"https://d-nb.info/gnd/40657-0"$"Stuttgart"$"https://d-nb.info/gnd/4058282-6"
"181"$"Cod. Don. 896"$""$"https://digital.wlb-stuttgart.de/purl/bsz417624379"$"https://digital.wlb-stuttgart.de/content/urn:nbn:de:bsz:24-digibib-bsz4176243792/jpg/thumbs/00000001.jpg"$"Komplett"$"Original"$"Standard"$"Einzelseite"$""$""$"Württembergische Landesbibliothek Stuttgart"$"https://d-nb.info/gnd/40657-0"$"Stuttgart"$"https://d-nb.info/gnd/4058282-6"$"Württembergische Landesbibliothek Stuttgart"$"https://d-nb.info/gnd/40657-0"$"Stuttgart"$"https://d-nb.info/gnd/4058282-6"
"182"$"Cod. Don. 897"$""$"https://digital.wlb-stuttgart.de/purl/bsz417625855"$"https://digital.wlb-stuttgart.de/content/urn:nbn:de:bsz:24-digibib-bsz4176258559/jpg/thumbs/00000001.jpg"$"Komplett"$"Original"$"Standard"$"Einzelseite"$""$""$"Württembergische Landesbibliothek Stuttgart"$"https://d-nb.info/gnd/40657-0"$"Stuttgart"$"https://d-nb.info/gnd/4058282-6"$"Württembergische Landesbibliothek Stuttgart"$"https://d-nb.info/gnd/40657-0"$"Stuttgart"$"https://d-nb.info/gnd/4058282-6"
"183"$"Cod. Don. 898"$""$"https://digital.wlb-stuttgart.de/purl/bsz420412670"$"https://digital.wlb-stuttgart.de/content/urn:nbn:de:bsz:24-digibib-bsz4204126700/jpg/thumbs/00000001.jpg"$"Komplett"$"Original"$"Standard"$"Einzelseite"$""$""$"Württembergische Landesbibliothek Stuttgart"$"https://d-nb.info/gnd/40657-0"$"Stuttgart"$"https://d-nb.info/gnd/4058282-6"$"Württembergische Landesbibliothek Stuttgart"$"https://d-nb.info/gnd/40657-0"$"Stuttgart"$"https://d-nb.info/gnd/4058282-6"
"184"$"Cod. Don. 899"$""$"https://digital.wlb-stuttgart.de/purl/bsz417629257"$"https://digital.wlb-stuttgart.de/content/urn:nbn:de:bsz:24-digibib-bsz4176292577/jpg/thumbs/00000001.jpg"$"Komplett"$"Original"$"Standard"$"Einzelseite"$""$""$"Württembergische Landesbibliothek Stuttgart"$"https://d-nb.info/gnd/40657-0"$"Stuttgart"$"https://d-nb.info/gnd/4058282-6"$"Württembergische Landesbibliothek Stuttgart"$"https://d-nb.info/gnd/40657-0"$"Stuttgart"$"https://d-nb.info/gnd/4058282-6"
"185"$"Cod. Don. 900"$""$"https://digital.wlb-stuttgart.de/purl/bsz417631138"$"https://digital.wlb-stuttgart.de/content/urn:nbn:de:bsz:24-digibib-bsz4176311380/jpg/thumbs/00000001.jpg"$"Komplett"$"Original"$"Standard"$"Einzelseite"$""$""$"Württembergische Landesbibliothek Stuttgart"$"https://d-nb.info/gnd/40657-0"$"Stuttgart"$"https://d-nb.info/gnd/4058282-6"$"Württembergische Landesbibliothek Stuttgart"$"https://d-nb.info/gnd/40657-0"$"Stuttgart"$"https://d-nb.info/gnd/4058282-6"
"186"$"Cod. Don. 901"$""$"https://digital.wlb-stuttgart.de/purl/bsz417645627"$"https://digital.wlb-stuttgart.de/content/urn:nbn:de:bsz:24-digibib-bsz4176456276/jpg/thumbs/00000001.jpg"$"Komplett"$"Original"$"Standard"$"Einzelseite"$""$""$"Württembergische Landesbibliothek Stuttgart"$"https://d-nb.info/gnd/40657-0"$"Stuttgart"$"https://d-nb.info/gnd/4058282-6"$"Württembergische Landesbibliothek Stuttgart"$"https://d-nb.info/gnd/40657-0"$"Stuttgart"$"https://d-nb.info/gnd/4058282-6"
"187"$"Cod. Don. 902"$""$"https://digital.wlb-stuttgart.de/purl/bsz417646941"$"https://digital.wlb-stuttgart.de/content/urn:nbn:de:bsz:24-digibib-bsz4176469415/jpg/thumbs/00000001.jpg"$"Komplett"$"Original"$"Standard"$"Einzelseite"$""$""$"Württembergische Landesbibliothek Stuttgart"$"https://d-nb.info/gnd/40657-0"$"Stuttgart"$"https://d-nb.info/gnd/4058282-6"$"Württembergische Landesbibliothek Stuttgart"$"https://d-nb.info/gnd/40657-0"$"Stuttgart"$"https://d-nb.info/gnd/4058282-6"
"188"$"Cod. Don. 903"$""$"https://digital.wlb-stuttgart.de/purl/bsz417632010"$"https://digital.wlb-stuttgart.de/content/urn:nbn:de:bsz:24-digibib-bsz4176320105/jpg/thumbs/00000001.jpg"$"Komplett"$"Original"$"Standard"$"Einzelseite"$""$""$"Württembergische Landesbibliothek Stuttgart"$"https://d-nb.info/gnd/40657-0"$"Stuttgart"$"https://d-nb.info/gnd/4058282-6"$"Württembergische Landesbibliothek Stuttgart"$"https://d-nb.info/gnd/40657-0"$"Stuttgart"$"https://d-nb.info/gnd/4058282-6"
"189"$"Cod. Don. 904"$""$"https://digital.wlb-stuttgart.de/purl/bsz417646143"$"https://digital.wlb-stuttgart.de/content/urn:nbn:de:bsz:24-digibib-bsz4176461436/jpg/thumbs/00000001.jpg"$"Komplett"$"Original"$"Standard"$"Einzelseite"$""$""$"Württembergische Landesbibliothek Stuttgart"$"https://d-nb.info/gnd/40657-0"$"Stuttgart"$"https://d-nb.info/gnd/4058282-6"$"Württembergische Landesbibliothek Stuttgart"$"https://d-nb.info/gnd/40657-0"$"Stuttgart"$"https://d-nb.info/gnd/4058282-6"
"190"$"Cod. Don. 905"$""$"https://digital.wlb-stuttgart.de/purl/bsz417647409"$"https://digital.wlb-stuttgart.de/content/urn:nbn:de:bsz:24-digibib-bsz4176474095/jpg/thumbs/00000001.jpg"$"Komplett"$"Original"$"Standard"$"Einzelseite"$""$""$"Württembergische Landesbibliothek Stuttgart"$"https://d-nb.info/gnd/40657-0"$"Stuttgart"$"https://d-nb.info/gnd/4058282-6"$"Württembergische Landesbibliothek Stuttgart"$"https://d-nb.info/gnd/40657-0"$"Stuttgart"$"https://d-nb.info/gnd/4058282-6"
"191"$"Cod. Don. 907"$""$"https://digital.wlb-stuttgart.de/purl/bsz417649223"$"https://digital.wlb-stuttgart.de/content/urn:nbn:de:bsz:24-digibib-bsz4176492231/jpg/thumbs/00000001.jpg"$"Komplett"$"Original"$"Standard"$"Einzelseite"$""$""$"Württembergische Landesbibliothek Stuttgart"$"https://d-nb.info/gnd/40657-0"$"Stuttgart"$"https://d-nb.info/gnd/4058282-6"$"Württembergische Landesbibliothek Stuttgart"$"https://d-nb.info/gnd/40657-0"$"Stuttgart"$"https://d-nb.info/gnd/4058282-6"
"192"$"Cod. Don. 908"$""$"https://digital.wlb-stuttgart.de/purl/bsz413936988"$"https://digital.wlb-stuttgart.de/content/urn:nbn:de:bsz:24-digibib-bsz4139369887/jpg/thumbs/00000001.jpg"$"Komplett"$"Original"$"Standard"$"Einzelseite"$""$""$"Württembergische Landesbibliothek Stuttgart"$"https://d-nb.info/gnd/40657-0"$"Stuttgart"$"https://d-nb.info/gnd/4058282-6"$"Württembergische Landesbibliothek Stuttgart"$"https://d-nb.info/gnd/40657-0"$"Stuttgart"$"https://d-nb.info/gnd/4058282-6"
"193"$"Cod. Don. A II 16"$""$"https://digital.wlb-stuttgart.de/purl/bsz500443289"$"https://digital.wlb-stuttgart.de/content/urn:nbn:de:bsz:24-digibib-bsz5004432899/jpg/thumbs/00000001.jpg"$"Komplett"$"Original"$"Standard"$"Einzelseite"$""$""$"Württembergische Landesbibliothek Stuttgart"$"https://d-nb.info/gnd/40657-0"$"Stuttgart"$"https://d-nb.info/gnd/4058282-6"$"Württembergische Landesbibliothek Stuttgart"$"https://d-nb.info/gnd/40657-0"$"Stuttgart"$"https://d-nb.info/gnd/4058282-6"
"194"$"Cod. Don. A III 18"$""$"https://digital.wlb-stuttgart.de/purl/bsz409531820"$"https://digital.wlb-stuttgart.de/content/urn:nbn:de:bsz:24-digibib-bsz4095318202/jpg/thumbs/00000001.jpg"$"Komplett"$"Original"$"Standard"$"Einzelseite"$""$""$"Württembergische Landesbibliothek Stuttgart"$"https://d-nb.info/gnd/40657-0"$"Stuttgart"$"https://d-nb.info/gnd/4058282-6"$"Württembergische Landesbibliothek Stuttgart"$"https://d-nb.info/gnd/40657-0"$"Stuttgart"$"https://d-nb.info/gnd/4058282-6"
"195"$"Cod. Don. A III 54"$""$"https://digital.wlb-stuttgart.de/purl/bsz352890320"$"https://digital.wlb-stuttgart.de/content/urn:nbn:de:bsz:24-digibib-bsz3528903205/jpg/thumbs/00000001.jpg"$"Komplett"$"Original"$"Standard"$"Einzelseite"$""$""$"Württembergische Landesbibliothek Stuttgart"$"https://d-nb.info/gnd/40657-0"$"Stuttgart"$"https://d-nb.info/gnd/4058282-6"$"Württembergische Landesbibliothek Stuttgart"$"https://d-nb.info/gnd/40657-0"$"Stuttgart"$"https://d-nb.info/gnd/4058282-6"
"196"$"Cod. Don. B III 13"$""$"https://digital.wlb-stuttgart.de/purl/bsz409539864"$"https://digital.wlb-stuttgart.de/content/urn:nbn:de:bsz:24-digibib-bsz4095398643/jpg/thumbs/00000001.jpg"$"Komplett"$"Original"$"Standard"$"Einzelseite"$""$""$"Württembergische Landesbibliothek Stuttgart"$"https://d-nb.info/gnd/40657-0"$"Stuttgart"$"https://d-nb.info/gnd/4058282-6"$"Württembergische Landesbibliothek Stuttgart"$"https://d-nb.info/gnd/40657-0"$"Stuttgart"$"https://d-nb.info/gnd/4058282-6"
"197"$"Cod. Don. B VI 4"$""$"https://digital.wlb-stuttgart.de/purl/bsz413014193"$"https://digital.wlb-stuttgart.de/content/urn:nbn:de:bsz:24-digibib-bsz4130141931/jpg/thumbs/00000001.jpg"$"Komplett"$"Original"$"Standard"$"Einzelseite"$""$""$"Württembergische Landesbibliothek Stuttgart"$"https://d-nb.info/gnd/40657-0"$"Stuttgart"$"https://d-nb.info/gnd/4058282-6"$"Württembergische Landesbibliothek Stuttgart"$"https://d-nb.info/gnd/40657-0"$"Stuttgart"$"https://d-nb.info/gnd/4058282-6"
"198"$"Cod. Don. C I 12,A"$""$"https://digital.wlb-stuttgart.de/purl/bsz48590523X"$"https://digital.wlb-stuttgart.de/content/urn:nbn:de:bsz:24-digibib-bsz48590523X0/jpg/thumbs/00000001.jpg"$"Komplett"$"Original"$"Standard"$"Einzelseite"$""$""$"Württembergische Landesbibliothek Stuttgart"$"https://d-nb.info/gnd/40657-0"$"Stuttgart"$"https://d-nb.info/gnd/4058282-6"$"Württembergische Landesbibliothek Stuttgart"$"https://d-nb.info/gnd/40657-0"$"Stuttgart"$"https://d-nb.info/gnd/4058282-6"
"199"$"Cod. Don. C I 12,I"$""$"https://digital.wlb-stuttgart.de/purl/bsz485901706"$"https://digital.wlb-stuttgart.de/content/urn:nbn:de:bsz:24-digibib-bsz4859017069/jpg/thumbs/00000001.jpg"$"Komplett"$"Original"$"Standard"$"Einzelseite"$""$""$"Württembergische Landesbibliothek Stuttgart"$"https://d-nb.info/gnd/40657-0"$"Stuttgart"$"https://d-nb.info/gnd/4058282-6"$"Württembergische Landesbibliothek Stuttgart"$"https://d-nb.info/gnd/40657-0"$"Stuttgart"$"https://d-nb.info/gnd/4058282-6"
"200"$"Cod. Don. C I 12,II"$""$"https://digital.wlb-stuttgart.de/purl/bsz485903482"$"https://digital.wlb-stuttgart.de/content/urn:nbn:de:bsz:24-digibib-bsz4859034825/jpg/thumbs/00000001.jpg"$"Komplett"$"Original"$"Standard"$"Einzelseite"$""$""$"Württembergische Landesbibliothek Stuttgart"$"https://d-nb.info/gnd/40657-0"$"Stuttgart"$"https://d-nb.info/gnd/4058282-6"$"Württembergische Landesbibliothek Stuttgart"$"https://d-nb.info/gnd/40657-0"$"Stuttgart"$"https://d-nb.info/gnd/4058282-6"
"201"$"Cod. Don. C I 12,III"$""$"https://digital.wlb-stuttgart.de/purl/bsz485904195"$"https://digital.wlb-stuttgart.de/content/urn:nbn:de:bsz:24-digibib-bsz4859041956/jpg/thumbs/00000001.jpg"$"Komplett"$"Original"$"Standard"$"Einzelseite"$""$""$"Württembergische Landesbibliothek Stuttgart"$"https://d-nb.info/gnd/40657-0"$"Stuttgart"$"https://d-nb.info/gnd/4058282-6"$"Württembergische Landesbibliothek Stuttgart"$"https://d-nb.info/gnd/40657-0"$"Stuttgart"$"https://d-nb.info/gnd/4058282-6"
"202"$"Cod. Don. C IIc 9"$""$"https://digital.wlb-stuttgart.de/purl/bsz486088049"$"https://digital.wlb-stuttgart.de/content/urn:nbn:de:bsz:24-digibib-bsz4860880492/jpg/thumbs/00000001.jpg"$"Komplett"$"Original"$"Standard"$"Einzelseite"$""$""$"Württembergische Landesbibliothek Stuttgart"$"https://d-nb.info/gnd/40657-0"$"Stuttgart"$"https://d-nb.info/gnd/4058282-6"$"Württembergische Landesbibliothek Stuttgart"$"https://d-nb.info/gnd/40657-0"$"Stuttgart"$"https://d-nb.info/gnd/4058282-6"
"203"$"Cod. Don. C IIIb 15"$""$"https://digital.wlb-stuttgart.de/purl/kxp1763879038"$"https://digital.wlb-stuttgart.de/content/urn:nbn:de:bsz:24-digibib-kxp17638790389/jpg/thumbs/00000001.jpg"$"Komplett"$"Original"$"Standard"$"Einzelseite"$""$""$"Württembergische Landesbibliothek Stuttgart"$"https://d-nb.info/gnd/40657-0"$"Stuttgart"$"https://d-nb.info/gnd/4058282-6"$"Württembergische Landesbibliothek Stuttgart"$"https://d-nb.info/gnd/40657-0"$"Stuttgart"$"https://d-nb.info/gnd/4058282-6"
"204"$"Cod. Don. F III 3"$""$"https://digital.wlb-stuttgart.de/purl/bsz514785624"$"https://digital.wlb-stuttgart.de/content/urn:nbn:de:bsz:24-digibib-bsz5147856245/jpg/thumbs/00000001.jpg"$"Komplett"$"Original"$"Standard"$"Einzelseite"$""$""$"Württembergische Landesbibliothek Stuttgart"$"https://d-nb.info/gnd/40657-0"$"Stuttgart"$"https://d-nb.info/gnd/4058282-6"$"Württembergische Landesbibliothek Stuttgart"$"https://d-nb.info/gnd/40657-0"$"Stuttgart"$"https://d-nb.info/gnd/4058282-6"
"205"$"Cod. Don. G I 4,1"$""$"https://digital.wlb-stuttgart.de/purl/bsz462931706"$"https://digital.wlb-stuttgart.de/content/urn:nbn:de:bsz:24-digibib-bsz4629317064/jpg/thumbs/00000001.jpg"$"Komplett"$"Original"$"Standard"$"Einzelseite"$""$""$"Württembergische Landesbibliothek Stuttgart"$"https://d-nb.info/gnd/40657-0"$"Stuttgart"$"https://d-nb.info/gnd/4058282-6"$"Württembergische Landesbibliothek Stuttgart"$"https://d-nb.info/gnd/40657-0"$"Stuttgart"$"https://d-nb.info/gnd/4058282-6"
"206"$"Cod. Don. G I 4,2"$""$"https://digital.wlb-stuttgart.de/purl/bsz462935027"$"https://digital.wlb-stuttgart.de/content/urn:nbn:de:bsz:24-digibib-bsz4629350278/jpg/thumbs/00000001.jpg"$"Komplett"$"Original"$"Standard"$"Einzelseite"$""$""$"Württembergische Landesbibliothek Stuttgart"$"https://d-nb.info/gnd/40657-0"$"Stuttgart"$"https://d-nb.info/gnd/4058282-6"$"Württembergische Landesbibliothek Stuttgart"$"https://d-nb.info/gnd/40657-0"$"Stuttgart"$"https://d-nb.info/gnd/4058282-6"
"207"$"Cod. Don. G I 4,3"$""$"https://digital.wlb-stuttgart.de/purl/bsz46293571X"$"https://digital.wlb-stuttgart.de/content/urn:nbn:de:bsz:24-digibib-bsz46293571X3/jpg/thumbs/00000001.jpg"$"Komplett"$"Original"$"Standard"$"Einzelseite"$""$""$"Württembergische Landesbibliothek Stuttgart"$"https://d-nb.info/gnd/40657-0"$"Stuttgart"$"https://d-nb.info/gnd/4058282-6"$"Württembergische Landesbibliothek Stuttgart"$"https://d-nb.info/gnd/40657-0"$"Stuttgart"$"https://d-nb.info/gnd/4058282-6"
"208"$"Cod. Don. G II 1"$""$"https://digital.wlb-stuttgart.de/purl/bsz420001573"$"https://digital.wlb-stuttgart.de/content/urn:nbn:de:bsz:24-digibib-bsz4200015739/jpg/thumbs/00000001.jpg"$"Komplett"$"Original"$"Standard"$"Einzelseite"$""$""$"Württembergische Landesbibliothek Stuttgart"$"https://d-nb.info/gnd/40657-0"$"Stuttgart"$"https://d-nb.info/gnd/4058282-6"$"Württembergische Landesbibliothek Stuttgart"$"https://d-nb.info/gnd/40657-0"$"Stuttgart"$"https://d-nb.info/gnd/4058282-6"
"209"$"Cod. Don. G II 11"$""$"https://digital.wlb-stuttgart.de/purl/bsz467818193"$"https://digital.wlb-stuttgart.de/content/urn:nbn:de:bsz:24-digibib-bsz4678181935/jpg/thumbs/00000001.jpg"$"Komplett"$"Original"$"Standard"$"Einzelseite"$""$""$"Württembergische Landesbibliothek Stuttgart"$"https://d-nb.info/gnd/40657-0"$"Stuttgart"$"https://d-nb.info/gnd/4058282-6"$"Württembergische Landesbibliothek Stuttgart"$"https://d-nb.info/gnd/40657-0"$"Stuttgart"$"https://d-nb.info/gnd/4058282-6"
"210"$"Cod. Don. G II 2"$""$"https://digital.wlb-stuttgart.de/purl/bsz420003428"$"https://digital.wlb-stuttgart.de/content/urn:nbn:de:bsz:24-digibib-bsz4200034288/jpg/thumbs/00000001.jpg"$"Komplett"$"Original"$"Standard"$"Einzelseite"$""$""$"Württembergische Landesbibliothek Stuttgart"$"https://d-nb.info/gnd/40657-0"$"Stuttgart"$"https://d-nb.info/gnd/4058282-6"$"Württembergische Landesbibliothek Stuttgart"$"https://d-nb.info/gnd/40657-0"$"Stuttgart"$"https://d-nb.info/gnd/4058282-6"
"211"$"Cod. Don. G II 3"$""$"https://digital.wlb-stuttgart.de/purl/bsz420003932"$"https://digital.wlb-stuttgart.de/content/urn:nbn:de:bsz:24-digibib-bsz4200039329/jpg/thumbs/00000001.jpg"$"Komplett"$"Original"$"Standard"$"Einzelseite"$""$""$"Württembergische Landesbibliothek Stuttgart"$"https://d-nb.info/gnd/40657-0"$"Stuttgart"$"https://d-nb.info/gnd/4058282-6"$"Württembergische Landesbibliothek Stuttgart"$"https://d-nb.info/gnd/40657-0"$"Stuttgart"$"https://d-nb.info/gnd/4058282-6"
"212"$"Cod. Don. G II 8"$""$"https://digital.wlb-stuttgart.de/purl/bsz427926491"$"https://digital.wlb-stuttgart.de/content/urn:nbn:de:bsz:24-digibib-bsz4279264912/jpg/thumbs/00000001.jpg"$"Komplett"$"Original"$"Standard"$"Einzelseite"$""$""$"Württembergische Landesbibliothek Stuttgart"$"https://d-nb.info/gnd/40657-0"$"Stuttgart"$"https://d-nb.info/gnd/4058282-6"$"Württembergische Landesbibliothek Stuttgart"$"https://d-nb.info/gnd/40657-0"$"Stuttgart"$"https://d-nb.info/gnd/4058282-6"
"213"$"Cod. Don. G II 9"$""$"https://digital.wlb-stuttgart.de/purl/bsz420000828"$"https://digital.wlb-stuttgart.de/content/urn:nbn:de:bsz:24-digibib-bsz4200008285/jpg/thumbs/00000001.jpg"$"Komplett"$"Original"$"Standard"$"Einzelseite"$""$""$"Württembergische Landesbibliothek Stuttgart"$"https://d-nb.info/gnd/40657-0"$"Stuttgart"$"https://d-nb.info/gnd/4058282-6"$"Württembergische Landesbibliothek Stuttgart"$"https://d-nb.info/gnd/40657-0"$"Stuttgart"$"https://d-nb.info/gnd/4058282-6"
"214"$"Cod. iur. 2° 217"$""$"https://digital.wlb-stuttgart.de/purl/kxp1788673794"$"https://digital.wlb-stuttgart.de/content/urn:nbn:de:bsz:24-digibib-kxp17886737945/jpg/thumbs/00000001.jpg"$"Komplett"$"Original"$"Standard"$"Einzelseite"$""$""$"Württembergische Landesbibliothek Stuttgart"$"https://d-nb.info/gnd/40657-0"$"Stuttgart"$"https://d-nb.info/gnd/4058282-6"$"Württembergische Landesbibliothek Stuttgart"$"https://d-nb.info/gnd/40657-0"$"Stuttgart"$"https://d-nb.info/gnd/4058282-6"
"215"$"Cod. iur. 2° 246"$""$"https://digital.wlb-stuttgart.de/purl/kxp1788678214"$"https://digital.wlb-stuttgart.de/content/urn:nbn:de:bsz:24-digibib-kxp17886782144/jpg/thumbs/00000001.jpg"$"Komplett"$"Original"$"Standard"$"Einzelseite"$""$""$"Württembergische Landesbibliothek Stuttgart"$"https://d-nb.info/gnd/40657-0"$"Stuttgart"$"https://d-nb.info/gnd/4058282-6"$"Württembergische Landesbibliothek Stuttgart"$"https://d-nb.info/gnd/40657-0"$"Stuttgart"$"https://d-nb.info/gnd/4058282-6"
"216"$"Cod. iur. 2° 268"$""$"https://digital.wlb-stuttgart.de/purl/bsz453522785"$"https://digital.wlb-stuttgart.de/content/urn:nbn:de:bsz:24-digibib-bsz4535227859/jpg/thumbs/00000001.jpg"$"Komplett"$"Original"$"Standard"$"Einzelseite"$""$""$"Württembergische Landesbibliothek Stuttgart"$"https://d-nb.info/gnd/40657-0"$"Stuttgart"$"https://d-nb.info/gnd/4058282-6"$"Württembergische Landesbibliothek Stuttgart"$"https://d-nb.info/gnd/40657-0"$"Stuttgart"$"https://d-nb.info/gnd/4058282-6"
"217"$"Cod. iur. 2° 72"$""$"https://digital.wlb-stuttgart.de/purl/bsz456900306"$"https://digital.wlb-stuttgart.de/content/urn:nbn:de:bsz:24-digibib-bsz4569003067/jpg/thumbs/00000001.jpg"$"Komplett"$"Original"$"Standard"$"Einzelseite"$""$""$"Württembergische Landesbibliothek Stuttgart"$"https://d-nb.info/gnd/40657-0"$"Stuttgart"$"https://d-nb.info/gnd/4058282-6"$"Württembergische Landesbibliothek Stuttgart"$"https://d-nb.info/gnd/40657-0"$"Stuttgart"$"https://d-nb.info/gnd/4058282-6"
"218"$"Cod. iur. 4° 134"$""$"https://digital.wlb-stuttgart.de/purl/bsz380050226"$"https://digital.wlb-stuttgart.de/content/urn:nbn:de:bsz:24-digibib-bsz3800502269/jpg/thumbs/00000001.jpg"$"Komplett"$"Original"$"Standard"$"Einzelseite"$""$""$"Württembergische Landesbibliothek Stuttgart"$"https://d-nb.info/gnd/40657-0"$"Stuttgart"$"https://d-nb.info/gnd/4058282-6"$"Württembergische Landesbibliothek Stuttgart"$"https://d-nb.info/gnd/40657-0"$"Stuttgart"$"https://d-nb.info/gnd/4058282-6"
"219"$"Cod. math. 2° 24"$""$"https://digital.wlb-stuttgart.de/purl/bsz427921848"$"https://digital.wlb-stuttgart.de/content/urn:nbn:de:bsz:24-digibib-bsz4279218486/jpg/thumbs/00000001.jpg"$"Komplett"$"Original"$"Standard"$"Einzelseite"$""$""$"Württembergische Landesbibliothek Stuttgart"$"https://d-nb.info/gnd/40657-0"$"Stuttgart"$"https://d-nb.info/gnd/4058282-6"$"Württembergische Landesbibliothek Stuttgart"$"https://d-nb.info/gnd/40657-0"$"Stuttgart"$"https://d-nb.info/gnd/4058282-6"
"220"$"Cod. math. 2° 26"$""$"https://digital.wlb-stuttgart.de/purl/bsz337691959"$"https://digital.wlb-stuttgart.de/content/urn:nbn:de:bsz:24-digibib-bsz3376919593/jpg/thumbs/00000001.jpg"$"Komplett"$"Original"$"Standard"$"Einzelseite"$""$""$"Württembergische Landesbibliothek Stuttgart"$"https://d-nb.info/gnd/40657-0"$"Stuttgart"$"https://d-nb.info/gnd/4058282-6"$"Württembergische Landesbibliothek Stuttgart"$"https://d-nb.info/gnd/40657-0"$"Stuttgart"$"https://d-nb.info/gnd/4058282-6"
"221"$"Cod. math. 2° 35"$""$"https://digital.wlb-stuttgart.de/purl/bsz511103182"$"https://digital.wlb-stuttgart.de/content/urn:nbn:de:bsz:24-digibib-bsz5111031829/jpg/thumbs/00000001.jpg"$"Komplett"$"Original"$"Standard"$"Einzelseite"$""$""$"Württembergische Landesbibliothek Stuttgart"$"https://d-nb.info/gnd/40657-0"$"Stuttgart"$"https://d-nb.info/gnd/4058282-6"$"Württembergische Landesbibliothek Stuttgart"$"https://d-nb.info/gnd/40657-0"$"Stuttgart"$"https://d-nb.info/gnd/4058282-6"
"222"$"Cod. math. 2° 4"$""$"https://digital.wlb-stuttgart.de/purl/bsz366869159"$"https://digital.wlb-stuttgart.de/content/urn:nbn:de:bsz:24-digibib-bsz3668691590/jpg/thumbs/00000001.jpg"$"Komplett"$"Original"$"Standard"$"Einzelseite"$""$""$"Württembergische Landesbibliothek Stuttgart"$"https://d-nb.info/gnd/40657-0"$"Stuttgart"$"https://d-nb.info/gnd/4058282-6"$"Württembergische Landesbibliothek Stuttgart"$"https://d-nb.info/gnd/40657-0"$"Stuttgart"$"https://d-nb.info/gnd/4058282-6"
"223"$"Cod. math. 4° 14a"$""$"https://digital.wlb-stuttgart.de/purl/bsz48444851X"$"https://digital.wlb-stuttgart.de/content/urn:nbn:de:bsz:24-digibib-bsz48444851X8/jpg/thumbs/00000001.jpg"$"Komplett"$"Original"$"Standard"$"Einzelseite"$""$""$"Württembergische Landesbibliothek Stuttgart"$"https://d-nb.info/gnd/40657-0"$"Stuttgart"$"https://d-nb.info/gnd/4058282-6"$"Württembergische Landesbibliothek Stuttgart"$"https://d-nb.info/gnd/40657-0"$"Stuttgart"$"https://d-nb.info/gnd/4058282-6"
"224"$"Cod. math. 4° 14b"$""$"https://digital.wlb-stuttgart.de/purl/bsz51043424X"$"https://digital.wlb-stuttgart.de/content/urn:nbn:de:bsz:24-digibib-bsz51043424X9/jpg/thumbs/00000003.jpg"$"Komplett"$"Original"$"Standard"$"Einzelseite"$""$""$"Württembergische Landesbibliothek Stuttgart"$"https://d-nb.info/gnd/40657-0"$"Stuttgart"$"https://d-nb.info/gnd/4058282-6"$"Württembergische Landesbibliothek Stuttgart"$"https://d-nb.info/gnd/40657-0"$"Stuttgart"$"https://d-nb.info/gnd/4058282-6"
"225"$"Cod. math. 4° 22"$""$"https://digital.wlb-stuttgart.de/purl/kxp1697330282"$"https://digital.wlb-stuttgart.de/content/urn:nbn:de:bsz:24-digibib-kxp16973302826/jpg/thumbs/00000001.jpg"$"Komplett"$"Original"$"Standard"$"Einzelseite"$""$""$"Württembergische Landesbibliothek Stuttgart"$"https://d-nb.info/gnd/40657-0"$"Stuttgart"$"https://d-nb.info/gnd/4058282-6"$"Württembergische Landesbibliothek Stuttgart"$"https://d-nb.info/gnd/40657-0"$"Stuttgart"$"https://d-nb.info/gnd/4058282-6"
"226"$"Cod. math. 4° 24"$""$"https://digital.wlb-stuttgart.de/purl/bsz493446001"$"https://digital.wlb-stuttgart.de/content/urn:nbn:de:bsz:24-digibib-bsz4934460019/jpg/thumbs/00000001.jpg"$"Komplett"$"Original"$"Standard"$"Einzelseite"$""$""$"Württembergische Landesbibliothek Stuttgart"$"https://d-nb.info/gnd/40657-0"$"Stuttgart"$"https://d-nb.info/gnd/4058282-6"$"Württembergische Landesbibliothek Stuttgart"$"https://d-nb.info/gnd/40657-0"$"Stuttgart"$"https://d-nb.info/gnd/4058282-6"
"227"$"Cod. math. 4° 43"$""$"https://digital.wlb-stuttgart.de/purl/bsz307044173"$"https://digital.wlb-stuttgart.de/content/urn:nbn:de:bsz:24-digibib-bsz3070441734/jpg/thumbs/00000001.jpg"$"Komplett"$"Original"$"Standard"$"Einzelseite"$""$""$"Württembergische Landesbibliothek Stuttgart"$"https://d-nb.info/gnd/40657-0"$"Stuttgart"$"https://d-nb.info/gnd/4058282-6"$"Württembergische Landesbibliothek Stuttgart"$"https://d-nb.info/gnd/40657-0"$"Stuttgart"$"https://d-nb.info/gnd/4058282-6"
"228"$"Cod. math. 4° 48"$""$"https://digital.wlb-stuttgart.de/purl/bsz39104530X"$"https://digital.wlb-stuttgart.de/content/urn:nbn:de:bsz:24-digibib-bsz39104530X2/jpg/thumbs/00000001.jpg"$"Komplett"$"Original"$"Standard"$"Einzelseite"$""$""$"Württembergische Landesbibliothek Stuttgart"$"https://d-nb.info/gnd/40657-0"$"Stuttgart"$"https://d-nb.info/gnd/4058282-6"$"Württembergische Landesbibliothek Stuttgart"$"https://d-nb.info/gnd/40657-0"$"Stuttgart"$"https://d-nb.info/gnd/4058282-6"
"229"$"Cod. med. et phys. 2° 11"$""$"https://digital.wlb-stuttgart.de/purl/kxp1800309422"$"https://digital.wlb-stuttgart.de/content/urn:nbn:de:bsz:24-digibib-kxp18003094224/jpg/thumbs/00000001.jpg"$"Komplett"$"Original"$"Standard"$"Einzelseite"$""$""$"Württembergische Landesbibliothek Stuttgart"$"https://d-nb.info/gnd/40657-0"$"Stuttgart"$"https://d-nb.info/gnd/4058282-6"$"Württembergische Landesbibliothek Stuttgart"$"https://d-nb.info/gnd/40657-0"$"Stuttgart"$"https://d-nb.info/gnd/4058282-6"
"230"$"Cod. med. et phys. 2° 14"$""$"https://digital.wlb-stuttgart.de/purl/bsz366834681"$"https://digital.wlb-stuttgart.de/content/urn:nbn:de:bsz:24-digibib-bsz3668346817/jpg/thumbs/00000001.jpg"$"Komplett"$"Original"$"Standard"$"Einzelseite"$""$""$"Württembergische Landesbibliothek Stuttgart"$"https://d-nb.info/gnd/40657-0"$"Stuttgart"$"https://d-nb.info/gnd/4058282-6"$"Württembergische Landesbibliothek Stuttgart"$"https://d-nb.info/gnd/40657-0"$"Stuttgart"$"https://d-nb.info/gnd/4058282-6"
"231"$"Cod. med. et phys. 2° 55"$""$"https://digital.wlb-stuttgart.de/purl/bsz382049241"$"https://digital.wlb-stuttgart.de/content/urn:nbn:de:bsz:24-digibib-bsz3820492419/jpg/thumbs/00000001.jpg"$"Komplett"$"Original"$"Standard"$"Einzelseite"$""$""$"Württembergische Landesbibliothek Stuttgart"$"https://d-nb.info/gnd/40657-0"$"Stuttgart"$"https://d-nb.info/gnd/4058282-6"$"Württembergische Landesbibliothek Stuttgart"$"https://d-nb.info/gnd/40657-0"$"Stuttgart"$"https://d-nb.info/gnd/4058282-6"
"232"$"Cod. med. et phys. 4° 24"$""$"https://digital.wlb-stuttgart.de/purl/bsz493406379"$"https://digital.wlb-stuttgart.de/content/urn:nbn:de:bsz:24-digibib-bsz4934063797/jpg/thumbs/00000001.jpg"$"Komplett"$"Original"$"Standard"$"Einzelseite"$""$""$"Württembergische Landesbibliothek Stuttgart"$"https://d-nb.info/gnd/40657-0"$"Stuttgart"$"https://d-nb.info/gnd/4058282-6"$"Württembergische Landesbibliothek Stuttgart"$"https://d-nb.info/gnd/40657-0"$"Stuttgart"$"https://d-nb.info/gnd/4058282-6"
"233"$"Cod. med. et phys. 4° 27"$""$"https://digital.wlb-stuttgart.de/purl/bsz411962019"$"https://digital.wlb-stuttgart.de/content/urn:nbn:de:bsz:24-digibib-bsz4119620194/jpg/thumbs/00000001.jpg"$"Komplett"$"Original"$"Standard"$"Einzelseite"$""$""$"Württembergische Landesbibliothek Stuttgart"$"https://d-nb.info/gnd/40657-0"$"Stuttgart"$"https://d-nb.info/gnd/4058282-6"$"Württembergische Landesbibliothek Stuttgart"$"https://d-nb.info/gnd/40657-0"$"Stuttgart"$"https://d-nb.info/gnd/4058282-6"
"234"$"Cod. med. et phys. 8° 15"$""$"https://digital.wlb-stuttgart.de/purl/bsz49348924X"$"https://digital.wlb-stuttgart.de/content/urn:nbn:de:bsz:24-digibib-bsz49348924X9/jpg/thumbs/00000001.jpg"$"Komplett"$"Original"$"Standard"$"Einzelseite"$""$""$"Württembergische Landesbibliothek Stuttgart"$"https://d-nb.info/gnd/40657-0"$"Stuttgart"$"https://d-nb.info/gnd/4058282-6"$"Württembergische Landesbibliothek Stuttgart"$"https://d-nb.info/gnd/40657-0"$"Stuttgart"$"https://d-nb.info/gnd/4058282-6"
"235"$"Cod. med. et phys. 8° 6"$""$"https://digital.wlb-stuttgart.de/purl/bsz411965395"$"https://digital.wlb-stuttgart.de/content/urn:nbn:de:bsz:24-digibib-bsz4119653953/jpg/thumbs/00000001.jpg"$"Komplett"$"Original"$"Standard"$"Einzelseite"$""$""$"Württembergische Landesbibliothek Stuttgart"$"https://d-nb.info/gnd/40657-0"$"Stuttgart"$"https://d-nb.info/gnd/4058282-6"$"Württembergische Landesbibliothek Stuttgart"$"https://d-nb.info/gnd/40657-0"$"Stuttgart"$"https://d-nb.info/gnd/4058282-6"
"236"$"Cod. milit. 2° 24"$""$"https://digital.wlb-stuttgart.de/purl/bsz410181536"$"https://digital.wlb-stuttgart.de/content/urn:nbn:de:bsz:24-digibib-bsz4101815369/jpg/thumbs/00000001.jpg"$"Komplett"$"Original"$"Standard"$"Einzelseite"$""$""$"Württembergische Landesbibliothek Stuttgart"$"https://d-nb.info/gnd/40657-0"$"Stuttgart"$"https://d-nb.info/gnd/4058282-6"$"Württembergische Landesbibliothek Stuttgart"$"https://d-nb.info/gnd/40657-0"$"Stuttgart"$"https://d-nb.info/gnd/4058282-6"
"237"$"Cod. milit. 2° 91"$""$"https://digital.wlb-stuttgart.de/purl/bsz41196819X"$"https://digital.wlb-stuttgart.de/content/urn:nbn:de:bsz:24-digibib-bsz41196819X8/jpg/thumbs/00000001.jpg"$"Komplett"$"Original"$"Standard"$"Einzelseite"$""$""$"Württembergische Landesbibliothek Stuttgart"$"https://d-nb.info/gnd/40657-0"$"Stuttgart"$"https://d-nb.info/gnd/4058282-6"$"Württembergische Landesbibliothek Stuttgart"$"https://d-nb.info/gnd/40657-0"$"Stuttgart"$"https://d-nb.info/gnd/4058282-6"
"238"$"Cod. milit. 4° 31"$""$"https://digital.wlb-stuttgart.de/purl/kxp1668457431"$"https://digital.wlb-stuttgart.de/content/urn:nbn:de:bsz:24-digibib-kxp16684574319/jpg/thumbs/00000001.jpg"$"Komplett"$"Original"$"Standard"$"Einzelseite"$""$""$"Württembergische Landesbibliothek Stuttgart"$"https://d-nb.info/gnd/40657-0"$"Stuttgart"$"https://d-nb.info/gnd/4058282-6"$"Württembergische Landesbibliothek Stuttgart"$"https://d-nb.info/gnd/40657-0"$"Stuttgart"$"https://d-nb.info/gnd/4058282-6"
"239"$"Cod. milit. 4° 6"$""$"https://digital.wlb-stuttgart.de/purl/bsz394665082"$"https://digital.wlb-stuttgart.de/content/urn:nbn:de:bsz:24-digibib-bsz3946650823/jpg/thumbs/00000001.jpg"$"Komplett"$"Original"$"Standard"$"Einzelseite"$""$""$"Württembergische Landesbibliothek Stuttgart"$"https://d-nb.info/gnd/40657-0"$"Stuttgart"$"https://d-nb.info/gnd/4058282-6"$"Württembergische Landesbibliothek Stuttgart"$"https://d-nb.info/gnd/40657-0"$"Stuttgart"$"https://d-nb.info/gnd/4058282-6"
"240"$"Cod. mus. I 2° 1"$""$"https://digital.wlb-stuttgart.de/purl/bsz409085359"$"https://digital.wlb-stuttgart.de/content/urn:nbn:de:bsz:24-digibib-bsz4090853599/jpg/thumbs/00000001.jpg"$"Komplett"$"Original"$"Standard"$"Einzelseite"$""$""$"Württembergische Landesbibliothek Stuttgart"$"https://d-nb.info/gnd/40657-0"$"Stuttgart"$"https://d-nb.info/gnd/4058282-6"$"Württembergische Landesbibliothek Stuttgart"$"https://d-nb.info/gnd/40657-0"$"Stuttgart"$"https://d-nb.info/gnd/4058282-6"
"241"$"Cod. mus. I 2° 10"$""$"https://digital.wlb-stuttgart.de/purl/bsz409097586"$"https://digital.wlb-stuttgart.de/content/urn:nbn:de:bsz:24-digibib-bsz4090975860/jpg/thumbs/00000001.jpg"$"Komplett"$"Original"$"Standard"$"Einzelseite"$""$""$"Württembergische Landesbibliothek Stuttgart"$"https://d-nb.info/gnd/40657-0"$"Stuttgart"$"https://d-nb.info/gnd/4058282-6"$"Württembergische Landesbibliothek Stuttgart"$"https://d-nb.info/gnd/40657-0"$"Stuttgart"$"https://d-nb.info/gnd/4058282-6"
"242"$"Cod. mus. I 2° 11"$""$"https://digital.wlb-stuttgart.de/purl/bsz409102709"$"https://digital.wlb-stuttgart.de/content/urn:nbn:de:bsz:24-digibib-bsz4091027096/jpg/thumbs/00000001.jpg"$"Komplett"$"Original"$"Standard"$"Einzelseite"$""$""$"Württembergische Landesbibliothek Stuttgart"$"https://d-nb.info/gnd/40657-0"$"Stuttgart"$"https://d-nb.info/gnd/4058282-6"$"Württembergische Landesbibliothek Stuttgart"$"https://d-nb.info/gnd/40657-0"$"Stuttgart"$"https://d-nb.info/gnd/4058282-6"
"243"$"Cod. mus. I 2° 12"$""$"https://digital.wlb-stuttgart.de/purl/bsz408748494"$"https://digital.wlb-stuttgart.de/content/urn:nbn:de:bsz:24-digibib-bsz4087484949/jpg/thumbs/00000001.jpg"$"Komplett"$"Original"$"Standard"$"Einzelseite"$""$""$"Württembergische Landesbibliothek Stuttgart"$"https://d-nb.info/gnd/40657-0"$"Stuttgart"$"https://d-nb.info/gnd/4058282-6"$"Württembergische Landesbibliothek Stuttgart"$"https://d-nb.info/gnd/40657-0"$"Stuttgart"$"https://d-nb.info/gnd/4058282-6"
"244"$"Cod. mus. I 2° 13"$""$"https://digital.wlb-stuttgart.de/purl/bsz409103357"$"https://digital.wlb-stuttgart.de/content/urn:nbn:de:bsz:24-digibib-bsz4091033576/jpg/thumbs/00000001.jpg"$"Komplett"$"Original"$"Standard"$"Einzelseite"$""$""$"Württembergische Landesbibliothek Stuttgart"$"https://d-nb.info/gnd/40657-0"$"Stuttgart"$"https://d-nb.info/gnd/4058282-6"$"Württembergische Landesbibliothek Stuttgart"$"https://d-nb.info/gnd/40657-0"$"Stuttgart"$"https://d-nb.info/gnd/4058282-6"
"245"$"Cod. mus. I 2° 14"$""$"https://digital.wlb-stuttgart.de/purl/bsz409103810"$"https://digital.wlb-stuttgart.de/content/urn:nbn:de:bsz:24-digibib-bsz4091038103/jpg/thumbs/00000001.jpg"$"Komplett"$"Original"$"Standard"$"Einzelseite"$""$""$"Württembergische Landesbibliothek Stuttgart"$"https://d-nb.info/gnd/40657-0"$"Stuttgart"$"https://d-nb.info/gnd/4058282-6"$"Württembergische Landesbibliothek Stuttgart"$"https://d-nb.info/gnd/40657-0"$"Stuttgart"$"https://d-nb.info/gnd/4058282-6"
"246"$"Cod. mus. I 2° 15"$""$"https://digital.wlb-stuttgart.de/purl/bsz409104159"$"https://digital.wlb-stuttgart.de/content/urn:nbn:de:bsz:24-digibib-bsz4091041593/jpg/thumbs/00000001.jpg"$"Komplett"$"Original"$"Standard"$"Einzelseite"$""$""$"Württembergische Landesbibliothek Stuttgart"$"https://d-nb.info/gnd/40657-0"$"Stuttgart"$"https://d-nb.info/gnd/4058282-6"$"Württembergische Landesbibliothek Stuttgart"$"https://d-nb.info/gnd/40657-0"$"Stuttgart"$"https://d-nb.info/gnd/4058282-6"
"247"$"Cod. mus. I 2° 16"$""$"https://digital.wlb-stuttgart.de/purl/bsz409104485"$"https://digital.wlb-stuttgart.de/content/urn:nbn:de:bsz:24-digibib-bsz4091044854/jpg/thumbs/00000001.jpg"$"Komplett"$"Original"$"Standard"$"Einzelseite"$""$""$"Württembergische Landesbibliothek Stuttgart"$"https://d-nb.info/gnd/40657-0"$"Stuttgart"$"https://d-nb.info/gnd/4058282-6"$"Württembergische Landesbibliothek Stuttgart"$"https://d-nb.info/gnd/40657-0"$"Stuttgart"$"https://d-nb.info/gnd/4058282-6"
"248"$"Cod. mus. I 2° 17"$""$"https://digital.wlb-stuttgart.de/purl/bsz409105163"$"https://digital.wlb-stuttgart.de/content/urn:nbn:de:bsz:24-digibib-bsz4091051633/jpg/thumbs/00000001.jpg"$"Komplett"$"Original"$"Standard"$"Einzelseite"$""$""$"Württembergische Landesbibliothek Stuttgart"$"https://d-nb.info/gnd/40657-0"$"Stuttgart"$"https://d-nb.info/gnd/4058282-6"$"Württembergische Landesbibliothek Stuttgart"$"https://d-nb.info/gnd/40657-0"$"Stuttgart"$"https://d-nb.info/gnd/4058282-6"
"249"$"Cod. mus. I 2° 18"$""$"https://digital.wlb-stuttgart.de/purl/bsz408749571"$"https://digital.wlb-stuttgart.de/content/urn:nbn:de:bsz:24-digibib-bsz4087495716/jpg/thumbs/00000001.jpg"$"Komplett"$"Original"$"Standard"$"Einzelseite"$""$""$"Württembergische Landesbibliothek Stuttgart"$"https://d-nb.info/gnd/40657-0"$"Stuttgart"$"https://d-nb.info/gnd/4058282-6"$"Württembergische Landesbibliothek Stuttgart"$"https://d-nb.info/gnd/40657-0"$"Stuttgart"$"https://d-nb.info/gnd/4058282-6"
"250"$"Cod. mus. I 2° 19"$""$"https://digital.wlb-stuttgart.de/purl/bsz409105457"$"https://digital.wlb-stuttgart.de/content/urn:nbn:de:bsz:24-digibib-bsz4091054570/jpg/thumbs/00000001.jpg"$"Komplett"$"Original"$"Standard"$"Einzelseite"$""$""$"Württembergische Landesbibliothek Stuttgart"$"https://d-nb.info/gnd/40657-0"$"Stuttgart"$"https://d-nb.info/gnd/4058282-6"$"Württembergische Landesbibliothek Stuttgart"$"https://d-nb.info/gnd/40657-0"$"Stuttgart"$"https://d-nb.info/gnd/4058282-6"
"251"$"Cod. mus. I 2° 2"$""$"https://digital.wlb-stuttgart.de/purl/bsz408746939"$"https://digital.wlb-stuttgart.de/content/urn:nbn:de:bsz:24-digibib-bsz4087469396/jpg/thumbs/00000001.jpg"$"Komplett"$"Original"$"Standard"$"Einzelseite"$""$""$"Württembergische Landesbibliothek Stuttgart"$"https://d-nb.info/gnd/40657-0"$"Stuttgart"$"https://d-nb.info/gnd/4058282-6"$"Württembergische Landesbibliothek Stuttgart"$"https://d-nb.info/gnd/40657-0"$"Stuttgart"$"https://d-nb.info/gnd/4058282-6"
"252"$"Cod. mus. I 2° 20"$""$"https://digital.wlb-stuttgart.de/purl/bsz409105783"$"https://digital.wlb-stuttgart.de/content/urn:nbn:de:bsz:24-digibib-bsz4091057832/jpg/thumbs/00000001.jpg"$"Komplett"$"Original"$"Standard"$"Einzelseite"$""$""$"Württembergische Landesbibliothek Stuttgart"$"https://d-nb.info/gnd/40657-0"$"Stuttgart"$"https://d-nb.info/gnd/4058282-6"$"Württembergische Landesbibliothek Stuttgart"$"https://d-nb.info/gnd/40657-0"$"Stuttgart"$"https://d-nb.info/gnd/4058282-6"
"253"$"Cod. mus. I 2° 21"$""$"https://digital.wlb-stuttgart.de/purl/bsz409130540"$"https://digital.wlb-stuttgart.de/content/urn:nbn:de:bsz:24-digibib-bsz4091305403/jpg/thumbs/00000001.jpg"$"Komplett"$"Original"$"Standard"$"Einzelseite"$""$""$"Württembergische Landesbibliothek Stuttgart"$"https://d-nb.info/gnd/40657-0"$"Stuttgart"$"https://d-nb.info/gnd/4058282-6"$"Württembergische Landesbibliothek Stuttgart"$"https://d-nb.info/gnd/40657-0"$"Stuttgart"$"https://d-nb.info/gnd/4058282-6"
"254"$"Cod. mus. I 2° 22"$""$"https://digital.wlb-stuttgart.de/purl/bsz409132144"$"https://digital.wlb-stuttgart.de/content/urn:nbn:de:bsz:24-digibib-bsz4091321449/jpg/thumbs/00000001.jpg"$"Komplett"$"Original"$"Standard"$"Einzelseite"$""$""$"Württembergische Landesbibliothek Stuttgart"$"https://d-nb.info/gnd/40657-0"$"Stuttgart"$"https://d-nb.info/gnd/4058282-6"$"Württembergische Landesbibliothek Stuttgart"$"https://d-nb.info/gnd/40657-0"$"Stuttgart"$"https://d-nb.info/gnd/4058282-6"
"255"$"Cod. mus. I 2° 23"$""$"https://digital.wlb-stuttgart.de/purl/bsz409132462"$"https://digital.wlb-stuttgart.de/content/urn:nbn:de:bsz:24-digibib-bsz4091324629/jpg/thumbs/00000001.jpg"$"Komplett"$"Original"$"Standard"$"Einzelseite"$""$""$"Württembergische Landesbibliothek Stuttgart"$"https://d-nb.info/gnd/40657-0"$"Stuttgart"$"https://d-nb.info/gnd/4058282-6"$"Württembergische Landesbibliothek Stuttgart"$"https://d-nb.info/gnd/40657-0"$"Stuttgart"$"https://d-nb.info/gnd/4058282-6"
"256"$"Cod. mus. I 2° 24"$""$"https://digital.wlb-stuttgart.de/purl/bsz409136433"$"https://digital.wlb-stuttgart.de/content/urn:nbn:de:bsz:24-digibib-bsz4091364335/jpg/thumbs/00000001.jpg"$"Komplett"$"Original"$"Standard"$"Einzelseite"$""$""$"Württembergische Landesbibliothek Stuttgart"$"https://d-nb.info/gnd/40657-0"$"Stuttgart"$"https://d-nb.info/gnd/4058282-6"$"Württembergische Landesbibliothek Stuttgart"$"https://d-nb.info/gnd/40657-0"$"Stuttgart"$"https://d-nb.info/gnd/4058282-6"
"257"$"Cod. mus. I 2° 25"$""$"https://digital.wlb-stuttgart.de/purl/bsz40913712X"$"https://digital.wlb-stuttgart.de/content/urn:nbn:de:bsz:24-digibib-bsz40913712X3/jpg/thumbs/00000001.jpg"$"Komplett"$"Original"$"Standard"$"Einzelseite"$""$""$"Württembergische Landesbibliothek Stuttgart"$"https://d-nb.info/gnd/40657-0"$"Stuttgart"$"https://d-nb.info/gnd/4058282-6"$"Württembergische Landesbibliothek Stuttgart"$"https://d-nb.info/gnd/40657-0"$"Stuttgart"$"https://d-nb.info/gnd/4058282-6"
"258"$"Cod. mus. I 2° 26"$""$"https://digital.wlb-stuttgart.de/purl/bsz409137693"$"https://digital.wlb-stuttgart.de/content/urn:nbn:de:bsz:24-digibib-bsz4091376930/jpg/thumbs/00000001.jpg"$"Komplett"$"Original"$"Standard"$"Einzelseite"$""$""$"Württembergische Landesbibliothek Stuttgart"$"https://d-nb.info/gnd/40657-0"$"Stuttgart"$"https://d-nb.info/gnd/4058282-6"$"Württembergische Landesbibliothek Stuttgart"$"https://d-nb.info/gnd/40657-0"$"Stuttgart"$"https://d-nb.info/gnd/4058282-6"
"259"$"Cod. mus. I 2° 27"$""$"https://digital.wlb-stuttgart.de/purl/bsz40913810X"$"https://digital.wlb-stuttgart.de/content/urn:nbn:de:bsz:24-digibib-bsz40913810X2/jpg/thumbs/00000001.jpg"$"Komplett"$"Original"$"Standard"$"Einzelseite"$""$""$"Württembergische Landesbibliothek Stuttgart"$"https://d-nb.info/gnd/40657-0"$"Stuttgart"$"https://d-nb.info/gnd/4058282-6"$"Württembergische Landesbibliothek Stuttgart"$"https://d-nb.info/gnd/40657-0"$"Stuttgart"$"https://d-nb.info/gnd/4058282-6"
"260"$"Cod. mus. I 2° 28"$""$"https://digital.wlb-stuttgart.de/purl/bsz408757345"$"https://digital.wlb-stuttgart.de/content/urn:nbn:de:bsz:24-digibib-bsz4087573457/jpg/thumbs/00000001.jpg"$"Komplett"$"Original"$"Standard"$"Einzelseite"$""$""$"Württembergische Landesbibliothek Stuttgart"$"https://d-nb.info/gnd/40657-0"$"Stuttgart"$"https://d-nb.info/gnd/4058282-6"$"Württembergische Landesbibliothek Stuttgart"$"https://d-nb.info/gnd/40657-0"$"Stuttgart"$"https://d-nb.info/gnd/4058282-6"
"261"$"Cod. mus. I 2° 29"$""$"https://digital.wlb-stuttgart.de/purl/bsz409140449"$"https://digital.wlb-stuttgart.de/content/urn:nbn:de:bsz:24-digibib-bsz4091404496/jpg/thumbs/00000001.jpg"$"Komplett"$"Original"$"Standard"$"Einzelseite"$""$""$"Württembergische Landesbibliothek Stuttgart"$"https://d-nb.info/gnd/40657-0"$"Stuttgart"$"https://d-nb.info/gnd/4058282-6"$"Württembergische Landesbibliothek Stuttgart"$"https://d-nb.info/gnd/40657-0"$"Stuttgart"$"https://d-nb.info/gnd/4058282-6"
"262"$"Cod. mus. I 2° 3"$""$"https://digital.wlb-stuttgart.de/purl/bsz409086665"$"https://digital.wlb-stuttgart.de/content/urn:nbn:de:bsz:24-digibib-bsz4090866657/jpg/thumbs/00000001.jpg"$"Komplett"$"Original"$"Standard"$"Einzelseite"$""$""$"Württembergische Landesbibliothek Stuttgart"$"https://d-nb.info/gnd/40657-0"$"Stuttgart"$"https://d-nb.info/gnd/4058282-6"$"Württembergische Landesbibliothek Stuttgart"$"https://d-nb.info/gnd/40657-0"$"Stuttgart"$"https://d-nb.info/gnd/4058282-6"
"263"$"Cod. mus. I 2° 30"$""$"https://digital.wlb-stuttgart.de/purl/bsz409140902"$"https://digital.wlb-stuttgart.de/content/urn:nbn:de:bsz:24-digibib-bsz4091409029/jpg/thumbs/00000001.jpg"$"Komplett"$"Original"$"Standard"$"Einzelseite"$""$""$"Württembergische Landesbibliothek Stuttgart"$"https://d-nb.info/gnd/40657-0"$"Stuttgart"$"https://d-nb.info/gnd/4058282-6"$"Württembergische Landesbibliothek Stuttgart"$"https://d-nb.info/gnd/40657-0"$"Stuttgart"$"https://d-nb.info/gnd/4058282-6"
"264"$"Cod. mus. I 2° 33"$""$"https://digital.wlb-stuttgart.de/purl/bsz409141194"$"https://digital.wlb-stuttgart.de/content/urn:nbn:de:bsz:24-digibib-bsz4091411940/jpg/thumbs/00000001.jpg"$"Komplett"$"Original"$"Standard"$"Einzelseite"$""$""$"Württembergische Landesbibliothek Stuttgart"$"https://d-nb.info/gnd/40657-0"$"Stuttgart"$"https://d-nb.info/gnd/4058282-6"$"Württembergische Landesbibliothek Stuttgart"$"https://d-nb.info/gnd/40657-0"$"Stuttgart"$"https://d-nb.info/gnd/4058282-6"
"265"$"Cod. mus. I 2° 36"$""$"https://digital.wlb-stuttgart.de/purl/bsz415878225"$"https://digital.wlb-stuttgart.de/content/urn:nbn:de:bsz:24-digibib-bsz4158782256/jpg/thumbs/00000001.jpg"$"Komplett"$"Original"$"Standard"$"Einzelseite"$""$""$"Württembergische Landesbibliothek Stuttgart"$"https://d-nb.info/gnd/40657-0"$"Stuttgart"$"https://d-nb.info/gnd/4058282-6"$"Württembergische Landesbibliothek Stuttgart"$"https://d-nb.info/gnd/40657-0"$"Stuttgart"$"https://d-nb.info/gnd/4058282-6"
"266"$"Cod. mus. I 2° 37"$""$"https://digital.wlb-stuttgart.de/purl/bsz408757760"$"https://digital.wlb-stuttgart.de/content/urn:nbn:de:bsz:24-digibib-bsz4087577609/jpg/thumbs/00000001.jpg"$"Komplett"$"Original"$"Standard"$"Einzelseite"$""$""$"Württembergische Landesbibliothek Stuttgart"$"https://d-nb.info/gnd/40657-0"$"Stuttgart"$"https://d-nb.info/gnd/4058282-6"$"Württembergische Landesbibliothek Stuttgart"$"https://d-nb.info/gnd/40657-0"$"Stuttgart"$"https://d-nb.info/gnd/4058282-6"
"267"$"Cod. mus. I 2° 38"$""$"https://digital.wlb-stuttgart.de/purl/bsz409141739"$"https://digital.wlb-stuttgart.de/content/urn:nbn:de:bsz:24-digibib-bsz4091417396/jpg/thumbs/00000001.jpg"$"Komplett"$"Original"$"Standard"$"Einzelseite"$""$""$"Württembergische Landesbibliothek Stuttgart"$"https://d-nb.info/gnd/40657-0"$"Stuttgart"$"https://d-nb.info/gnd/4058282-6"$"Württembergische Landesbibliothek Stuttgart"$"https://d-nb.info/gnd/40657-0"$"Stuttgart"$"https://d-nb.info/gnd/4058282-6"
"268"$"Cod. mus. I 2° 4"$""$"https://digital.wlb-stuttgart.de/purl/bsz409087521"$"https://digital.wlb-stuttgart.de/content/urn:nbn:de:bsz:24-digibib-bsz4090875219/jpg/thumbs/00000001.jpg"$"Komplett"$"Original"$"Standard"$"Einzelseite"$""$""$"Württembergische Landesbibliothek Stuttgart"$"https://d-nb.info/gnd/40657-0"$"Stuttgart"$"https://d-nb.info/gnd/4058282-6"$"Württembergische Landesbibliothek Stuttgart"$"https://d-nb.info/gnd/40657-0"$"Stuttgart"$"https://d-nb.info/gnd/4058282-6"
"269"$"Cod. mus. I 2° 40"$""$"https://digital.wlb-stuttgart.de/purl/bsz409141992"$"https://digital.wlb-stuttgart.de/content/urn:nbn:de:bsz:24-digibib-bsz4091419929/jpg/thumbs/00000001.jpg"$"Komplett"$"Original"$"Standard"$"Einzelseite"$""$""$"Württembergische Landesbibliothek Stuttgart"$"https://d-nb.info/gnd/40657-0"$"Stuttgart"$"https://d-nb.info/gnd/4058282-6"$"Württembergische Landesbibliothek Stuttgart"$"https://d-nb.info/gnd/40657-0"$"Stuttgart"$"https://d-nb.info/gnd/4058282-6"
"270"$"Cod. mus. I 2° 41"$""$"https://digital.wlb-stuttgart.de/purl/bsz409142417"$"https://digital.wlb-stuttgart.de/content/urn:nbn:de:bsz:24-digibib-bsz4091424175/jpg/thumbs/00000001.jpg"$"Komplett"$"Original"$"Standard"$"Einzelseite"$""$""$"Württembergische Landesbibliothek Stuttgart"$"https://d-nb.info/gnd/40657-0"$"Stuttgart"$"https://d-nb.info/gnd/4058282-6"$"Württembergische Landesbibliothek Stuttgart"$"https://d-nb.info/gnd/40657-0"$"Stuttgart"$"https://d-nb.info/gnd/4058282-6"
"271"$"Cod. mus. I 2° 42"$""$"https://digital.wlb-stuttgart.de/purl/bsz409147281"$"https://digital.wlb-stuttgart.de/content/urn:nbn:de:bsz:24-digibib-bsz4091472815/jpg/thumbs/00000001.jpg"$"Komplett"$"Original"$"Standard"$"Einzelseite"$""$""$"Württembergische Landesbibliothek Stuttgart"$"https://d-nb.info/gnd/40657-0"$"Stuttgart"$"https://d-nb.info/gnd/4058282-6"$"Württembergische Landesbibliothek Stuttgart"$"https://d-nb.info/gnd/40657-0"$"Stuttgart"$"https://d-nb.info/gnd/4058282-6"
"272"$"Cod. mus. I 2° 43"$""$"https://digital.wlb-stuttgart.de/purl/bsz483705217"$"https://digital.wlb-stuttgart.de/content/urn:nbn:de:bsz:24-digibib-bsz4837052174/jpg/thumbs/00000001.jpg"$"Komplett"$"Original"$"Standard"$"Einzelseite"$""$""$"Württembergische Landesbibliothek Stuttgart"$"https://d-nb.info/gnd/40657-0"$"Stuttgart"$"https://d-nb.info/gnd/4058282-6"$"Württembergische Landesbibliothek Stuttgart"$"https://d-nb.info/gnd/40657-0"$"Stuttgart"$"https://d-nb.info/gnd/4058282-6"
"273"$"Cod. mus. I 2° 44"$""$"https://digital.wlb-stuttgart.de/purl/bsz409727725"$"https://digital.wlb-stuttgart.de/content/urn:nbn:de:bsz:24-digibib-bsz4097277254/jpg/thumbs/00000001.jpg"$"Komplett"$"Original"$"Standard"$"Einzelseite"$""$""$"Württembergische Landesbibliothek Stuttgart"$"https://d-nb.info/gnd/40657-0"$"Stuttgart"$"https://d-nb.info/gnd/4058282-6"$"Württembergische Landesbibliothek Stuttgart"$"https://d-nb.info/gnd/40657-0"$"Stuttgart"$"https://d-nb.info/gnd/4058282-6"
"274"$"Cod. mus. I 2° 45"$""$"https://digital.wlb-stuttgart.de/purl/bsz409147443"$"https://digital.wlb-stuttgart.de/content/urn:nbn:de:bsz:24-digibib-bsz4091474432/jpg/thumbs/00000001.jpg"$"Komplett"$"Original"$"Standard"$"Einzelseite"$""$""$"Württembergische Landesbibliothek Stuttgart"$"https://d-nb.info/gnd/40657-0"$"Stuttgart"$"https://d-nb.info/gnd/4058282-6"$"Württembergische Landesbibliothek Stuttgart"$"https://d-nb.info/gnd/40657-0"$"Stuttgart"$"https://d-nb.info/gnd/4058282-6"
"275"$"Cod. mus. I 2° 46"$""$"https://digital.wlb-stuttgart.de/purl/bsz409147788"$"https://digital.wlb-stuttgart.de/content/urn:nbn:de:bsz:24-digibib-bsz4091477881/jpg/thumbs/00000001.jpg"$"Komplett"$"Original"$"Standard"$"Einzelseite"$""$""$"Württembergische Landesbibliothek Stuttgart"$"https://d-nb.info/gnd/40657-0"$"Stuttgart"$"https://d-nb.info/gnd/4058282-6"$"Württembergische Landesbibliothek Stuttgart"$"https://d-nb.info/gnd/40657-0"$"Stuttgart"$"https://d-nb.info/gnd/4058282-6"
"276"$"Cod. mus. I 2° 47"$""$"https://digital.wlb-stuttgart.de/purl/bsz394676815"$"https://digital.wlb-stuttgart.de/content/urn:nbn:de:bsz:24-digibib-bsz3946768155/jpg/thumbs/00000001.jpg"$"Komplett"$"Original"$"Standard"$"Einzelseite"$""$""$"Württembergische Landesbibliothek Stuttgart"$"https://d-nb.info/gnd/40657-0"$"Stuttgart"$"https://d-nb.info/gnd/4058282-6"$"Württembergische Landesbibliothek Stuttgart"$"https://d-nb.info/gnd/40657-0"$"Stuttgart"$"https://d-nb.info/gnd/4058282-6"
"277"$"Cod. mus. I 2° 48"$""$"https://digital.wlb-stuttgart.de/purl/bsz452436613"$"https://digital.wlb-stuttgart.de/content/urn:nbn:de:bsz:24-digibib-bsz4524366135/jpg/thumbs/00000001.jpg"$"Komplett"$"Original"$"Standard"$"Einzelseite"$""$""$"Württembergische Landesbibliothek Stuttgart"$"https://d-nb.info/gnd/40657-0"$"Stuttgart"$"https://d-nb.info/gnd/4058282-6"$"Württembergische Landesbibliothek Stuttgart"$"https://d-nb.info/gnd/40657-0"$"Stuttgart"$"https://d-nb.info/gnd/4058282-6"
"278"$"Cod. mus. I 2° 5"$""$"https://digital.wlb-stuttgart.de/purl/bsz409089125"$"https://digital.wlb-stuttgart.de/content/urn:nbn:de:bsz:24-digibib-bsz4090891251/jpg/thumbs/00000001.jpg"$"Komplett"$"Original"$"Standard"$"Einzelseite"$""$""$"Württembergische Landesbibliothek Stuttgart"$"https://d-nb.info/gnd/40657-0"$"Stuttgart"$"https://d-nb.info/gnd/4058282-6"$"Württembergische Landesbibliothek Stuttgart"$"https://d-nb.info/gnd/40657-0"$"Stuttgart"$"https://d-nb.info/gnd/4058282-6"
"279"$"Cod. mus. I 2° 6"$""$"https://digital.wlb-stuttgart.de/purl/bsz409093521"$"https://digital.wlb-stuttgart.de/content/urn:nbn:de:bsz:24-digibib-bsz4090935217/jpg/thumbs/00000001.jpg"$"Komplett"$"Original"$"Standard"$"Einzelseite"$""$""$"Württembergische Landesbibliothek Stuttgart"$"https://d-nb.info/gnd/40657-0"$"Stuttgart"$"https://d-nb.info/gnd/4058282-6"$"Württembergische Landesbibliothek Stuttgart"$"https://d-nb.info/gnd/40657-0"$"Stuttgart"$"https://d-nb.info/gnd/4058282-6"
"280"$"Cod. mus. I 2° 64"$""$"https://digital.wlb-stuttgart.de/purl/bsz369799321"$"https://digital.wlb-stuttgart.de/content/urn:nbn:de:bsz:24-digibib-bsz3697993218/jpg/thumbs/00000001.jpg"$"Komplett"$"Original"$"Standard"$"Einzelseite"$""$""$"Württembergische Landesbibliothek Stuttgart"$"https://d-nb.info/gnd/40657-0"$"Stuttgart"$"https://d-nb.info/gnd/4058282-6"$"Württembergische Landesbibliothek Stuttgart"$"https://d-nb.info/gnd/40657-0"$"Stuttgart"$"https://d-nb.info/gnd/4058282-6"
"281"$"Cod. mus. I 2° 7"$""$"https://digital.wlb-stuttgart.de/purl/bsz409094013"$"https://digital.wlb-stuttgart.de/content/urn:nbn:de:bsz:24-digibib-bsz4090940130/jpg/thumbs/00000001.jpg"$"Komplett"$"Original"$"Standard"$"Einzelseite"$""$""$"Württembergische Landesbibliothek Stuttgart"$"https://d-nb.info/gnd/40657-0"$"Stuttgart"$"https://d-nb.info/gnd/4058282-6"$"Württembergische Landesbibliothek Stuttgart"$"https://d-nb.info/gnd/40657-0"$"Stuttgart"$"https://d-nb.info/gnd/4058282-6"
"282"$"Cod. mus. I 2° 71"$""$"https://digital.wlb-stuttgart.de/purl/bsz409489220"$"https://digital.wlb-stuttgart.de/content/urn:nbn:de:bsz:24-digibib-bsz4094892204/jpg/thumbs/00000001.jpg"$"Komplett"$"Original"$"Standard"$"Einzelseite"$""$""$"Württembergische Landesbibliothek Stuttgart"$"https://d-nb.info/gnd/40657-0"$"Stuttgart"$"https://d-nb.info/gnd/4058282-6"$"Württembergische Landesbibliothek Stuttgart"$"https://d-nb.info/gnd/40657-0"$"Stuttgart"$"https://d-nb.info/gnd/4058282-6"
"283"$"Cod. mus. I 2° 8"$""$"https://digital.wlb-stuttgart.de/purl/bsz40909434X"$"https://digital.wlb-stuttgart.de/content/urn:nbn:de:bsz:24-digibib-bsz40909434X9/jpg/thumbs/00000001.jpg"$"Komplett"$"Original"$"Standard"$"Einzelseite"$""$""$"Württembergische Landesbibliothek Stuttgart"$"https://d-nb.info/gnd/40657-0"$"Stuttgart"$"https://d-nb.info/gnd/4058282-6"$"Württembergische Landesbibliothek Stuttgart"$"https://d-nb.info/gnd/40657-0"$"Stuttgart"$"https://d-nb.info/gnd/4058282-6"
"284"$"Cod. mus. I 2° 9"$""$"https://digital.wlb-stuttgart.de/purl/bsz409096067"$"https://digital.wlb-stuttgart.de/content/urn:nbn:de:bsz:24-digibib-bsz4090960671/jpg/thumbs/00000001.jpg"$"Komplett"$"Original"$"Standard"$"Einzelseite"$""$""$"Württembergische Landesbibliothek Stuttgart"$"https://d-nb.info/gnd/40657-0"$"Stuttgart"$"https://d-nb.info/gnd/4058282-6"$"Württembergische Landesbibliothek Stuttgart"$"https://d-nb.info/gnd/40657-0"$"Stuttgart"$"https://d-nb.info/gnd/4058282-6"
"285"$"Cod. poet. et phil. 2° 1"$""$"https://digital.wlb-stuttgart.de/purl/bsz351714782"$"https://digital.wlb-stuttgart.de/content/urn:nbn:de:bsz:24-digibib-bsz3517147825/jpg/thumbs/00000001.jpg"$"Komplett"$"Original"$"Standard"$"Einzelseite"$""$""$"Württembergische Landesbibliothek Stuttgart"$"https://d-nb.info/gnd/40657-0"$"Stuttgart"$"https://d-nb.info/gnd/4058282-6"$"Württembergische Landesbibliothek Stuttgart"$"https://d-nb.info/gnd/40657-0"$"Stuttgart"$"https://d-nb.info/gnd/4058282-6"
"286"$"Cod. poet. et phil. 2° 10"$""$"https://digital.wlb-stuttgart.de/purl/kxp1728492971"$"https://digital.wlb-stuttgart.de/content/urn:nbn:de:bsz:24-digibib-kxp17284929716/jpg/thumbs/00000001.jpg"$"Komplett"$"Original"$"Standard"$"Einzelseite"$""$""$"Württembergische Landesbibliothek Stuttgart"$"https://d-nb.info/gnd/40657-0"$"Stuttgart"$"https://d-nb.info/gnd/4058282-6"$"Württembergische Landesbibliothek Stuttgart"$"https://d-nb.info/gnd/40657-0"$"Stuttgart"$"https://d-nb.info/gnd/4058282-6"
"287"$"Cod. poet. et phil. 2° 19"$""$"https://digital.wlb-stuttgart.de/purl/bsz367143402"$"https://digital.wlb-stuttgart.de/content/urn:nbn:de:bsz:24-digibib-bsz3671434029/jpg/thumbs/00000001.jpg"$"Komplett"$"Original"$"Standard"$"Einzelseite"$""$""$"Württembergische Landesbibliothek Stuttgart"$"https://d-nb.info/gnd/40657-0"$"Stuttgart"$"https://d-nb.info/gnd/4058282-6"$"Württembergische Landesbibliothek Stuttgart"$"https://d-nb.info/gnd/40657-0"$"Stuttgart"$"https://d-nb.info/gnd/4058282-6"
"288"$"Cod. poet. et phil. 2° 2"$""$"https://digital.wlb-stuttgart.de/purl/bsz330052896"$"https://digital.wlb-stuttgart.de/content/urn:nbn:de:bsz:24-digibib-bsz3300528969/jpg/thumbs/00000001.jpg"$"Komplett"$"Original"$"Standard"$"Einzelseite"$""$""$"Württembergische Landesbibliothek Stuttgart"$"https://d-nb.info/gnd/40657-0"$"Stuttgart"$"https://d-nb.info/gnd/4058282-6"$"Württembergische Landesbibliothek Stuttgart"$"https://d-nb.info/gnd/40657-0"$"Stuttgart"$"https://d-nb.info/gnd/4058282-6"
"289"$"Cod. poet. et phil. 2° 20"$""$"https://digital.wlb-stuttgart.de/purl/bsz391512315"$"https://digital.wlb-stuttgart.de/content/urn:nbn:de:bsz:24-digibib-bsz3915123157/jpg/thumbs/00000001.jpg"$"Komplett"$"Original"$"Standard"$"Einzelseite"$""$""$"Württembergische Landesbibliothek Stuttgart"$"https://d-nb.info/gnd/40657-0"$"Stuttgart"$"https://d-nb.info/gnd/4058282-6"$"Württembergische Landesbibliothek Stuttgart"$"https://d-nb.info/gnd/40657-0"$"Stuttgart"$"https://d-nb.info/gnd/4058282-6"
"290"$"Cod. poet. et phil. 2° 22"$""$"https://digital.wlb-stuttgart.de/purl/bsz323970265"$"https://digital.wlb-stuttgart.de/content/urn:nbn:de:bsz:24-digibib-bsz3239702651/jpg/thumbs/00000001.jpg"$"Komplett"$"Original"$"Standard"$"Einzelseite"$""$""$"Württembergische Landesbibliothek Stuttgart"$"https://d-nb.info/gnd/40657-0"$"Stuttgart"$"https://d-nb.info/gnd/4058282-6"$"Württembergische Landesbibliothek Stuttgart"$"https://d-nb.info/gnd/40657-0"$"Stuttgart"$"https://d-nb.info/gnd/4058282-6"
"291"$"Cod. poet. et phil. 2° 23"$""$"https://digital.wlb-stuttgart.de/purl/kxp1668679906"$"https://digital.wlb-stuttgart.de/content/urn:nbn:de:bsz:24-digibib-kxp16686799064/jpg/thumbs/00000001.jpg"$"Komplett"$"Original"$"Standard"$"Einzelseite"$""$""$"Württembergische Landesbibliothek Stuttgart"$"https://d-nb.info/gnd/40657-0"$"Stuttgart"$"https://d-nb.info/gnd/4058282-6"$"Württembergische Landesbibliothek Stuttgart"$"https://d-nb.info/gnd/40657-0"$"Stuttgart"$"https://d-nb.info/gnd/4058282-6"
"292"$"Cod. poet. et phil. 2° 25"$""$"https://digital.wlb-stuttgart.de/purl/bsz410001074"$"https://digital.wlb-stuttgart.de/content/urn:nbn:de:bsz:24-digibib-bsz4100010744/jpg/thumbs/00000001.jpg"$"Komplett"$"Original"$"Standard"$"Einzelseite"$""$""$"Württembergische Landesbibliothek Stuttgart"$"https://d-nb.info/gnd/40657-0"$"Stuttgart"$"https://d-nb.info/gnd/4058282-6"$"Württembergische Landesbibliothek Stuttgart"$"https://d-nb.info/gnd/40657-0"$"Stuttgart"$"https://d-nb.info/gnd/4058282-6"
"293"$"Cod. poet. et phil. 2° 33"$""$"https://digital.wlb-stuttgart.de/purl/bsz352950846"$"https://digital.wlb-stuttgart.de/content/urn:nbn:de:bsz:24-digibib-bsz3529508462/jpg/thumbs/00000001.jpg"$"Komplett"$"Original"$"Standard"$"Einzelseite"$""$""$"Württembergische Landesbibliothek Stuttgart"$"https://d-nb.info/gnd/40657-0"$"Stuttgart"$"https://d-nb.info/gnd/4058282-6"$"Württembergische Landesbibliothek Stuttgart"$"https://d-nb.info/gnd/40657-0"$"Stuttgart"$"https://d-nb.info/gnd/4058282-6"
"294"$"Cod. poet. et phil. 2° 34"$""$"https://digital.wlb-stuttgart.de/purl/bsz408922788"$"https://digital.wlb-stuttgart.de/content/urn:nbn:de:bsz:24-digibib-bsz4089227888/jpg/thumbs/00000001.jpg"$"Komplett"$"Original"$"Standard"$"Einzelseite"$""$""$"Württembergische Landesbibliothek Stuttgart"$"https://d-nb.info/gnd/40657-0"$"Stuttgart"$"https://d-nb.info/gnd/4058282-6"$"Württembergische Landesbibliothek Stuttgart"$"https://d-nb.info/gnd/40657-0"$"Stuttgart"$"https://d-nb.info/gnd/4058282-6"
"295"$"Cod. poet. et phil. 2° 35"$""$"https://digital.wlb-stuttgart.de/purl/bsz391515136"$"https://digital.wlb-stuttgart.de/content/urn:nbn:de:bsz:24-digibib-bsz3915151361/jpg/thumbs/00000001.jpg"$"Komplett"$"Original"$"Standard"$"Einzelseite"$""$""$"Württembergische Landesbibliothek Stuttgart"$"https://d-nb.info/gnd/40657-0"$"Stuttgart"$"https://d-nb.info/gnd/4058282-6"$"Württembergische Landesbibliothek Stuttgart"$"https://d-nb.info/gnd/40657-0"$"Stuttgart"$"https://d-nb.info/gnd/4058282-6"
"296"$"Cod. poet. et phil. 2° 4"$""$"https://digital.wlb-stuttgart.de/purl/bsz330059009"$"https://digital.wlb-stuttgart.de/content/urn:nbn:de:bsz:24-digibib-bsz3300590092/jpg/thumbs/00000001.jpg"$"Komplett"$"Original"$"Standard"$"Einzelseite"$""$""$"Württembergische Landesbibliothek Stuttgart"$"https://d-nb.info/gnd/40657-0"$"Stuttgart"$"https://d-nb.info/gnd/4058282-6"$"Württembergische Landesbibliothek Stuttgart"$"https://d-nb.info/gnd/40657-0"$"Stuttgart"$"https://d-nb.info/gnd/4058282-6"
"297"$"Cod. poet. et phil. 2° 5"$""$"https://digital.wlb-stuttgart.de/purl/bsz367138905"$"https://digital.wlb-stuttgart.de/content/urn:nbn:de:bsz:24-digibib-bsz3671389055/jpg/thumbs/00000001.jpg"$"Komplett"$"Original"$"Standard"$"Einzelseite"$""$""$"Württembergische Landesbibliothek Stuttgart"$"https://d-nb.info/gnd/40657-0"$"Stuttgart"$"https://d-nb.info/gnd/4058282-6"$"Württembergische Landesbibliothek Stuttgart"$"https://d-nb.info/gnd/40657-0"$"Stuttgart"$"https://d-nb.info/gnd/4058282-6"
"298"$"Cod. poet. et phil. 2° 6"$""$"https://digital.wlb-stuttgart.de/purl/bsz330285912"$"https://digital.wlb-stuttgart.de/content/urn:nbn:de:bsz:24-digibib-bsz3302859120/jpg/thumbs/00000001.jpg"$"Komplett"$"Original"$"Standard"$"Einzelseite"$""$""$"Württembergische Landesbibliothek Stuttgart"$"https://d-nb.info/gnd/40657-0"$"Stuttgart"$"https://d-nb.info/gnd/4058282-6"$"Württembergische Landesbibliothek Stuttgart"$"https://d-nb.info/gnd/40657-0"$"Stuttgart"$"https://d-nb.info/gnd/4058282-6"
"299"$"Cod. poet. et phil. 2° 8"$""$"https://digital.wlb-stuttgart.de/purl/bsz391052934"$"https://digital.wlb-stuttgart.de/content/urn:nbn:de:bsz:24-digibib-bsz3910529349/jpg/thumbs/00000001.jpg"$"Komplett"$"Original"$"Standard"$"Einzelseite"$""$""$"Württembergische Landesbibliothek Stuttgart"$"https://d-nb.info/gnd/40657-0"$"Stuttgart"$"https://d-nb.info/gnd/4058282-6"$"Württembergische Landesbibliothek Stuttgart"$"https://d-nb.info/gnd/40657-0"$"Stuttgart"$"https://d-nb.info/gnd/4058282-6"
"300"$"Cod. poet. et phil. 2° 85"$""$"https://digital.wlb-stuttgart.de/purl/kxp1782697837"$"https://digital.wlb-stuttgart.de/content/urn:nbn:de:bsz:24-digibib-kxp17826978379/jpg/thumbs/00000001.jpg"$"Komplett"$"Original"$"Standard"$"Einzelseite"$""$""$"Württembergische Landesbibliothek Stuttgart"$"https://d-nb.info/gnd/40657-0"$"Stuttgart"$"https://d-nb.info/gnd/4058282-6"$"Württembergische Landesbibliothek Stuttgart"$"https://d-nb.info/gnd/40657-0"$"Stuttgart"$"https://d-nb.info/gnd/4058282-6"
"301"$"Cod. poet. et phil. 4° 10"$""$"https://digital.wlb-stuttgart.de/purl/kxp1796691909"$"https://digital.wlb-stuttgart.de/content/urn:nbn:de:bsz:24-digibib-kxp17966919098/jpg/thumbs/00000001.jpg"$"Komplett"$"Original"$"Standard"$"Einzelseite"$""$""$"Württembergische Landesbibliothek Stuttgart"$"https://d-nb.info/gnd/40657-0"$"Stuttgart"$"https://d-nb.info/gnd/4058282-6"$"Württembergische Landesbibliothek Stuttgart"$"https://d-nb.info/gnd/40657-0"$"Stuttgart"$"https://d-nb.info/gnd/4058282-6"
"302"$"Cod. poet. et phil. 4° 110"$""$"https://digital.wlb-stuttgart.de/purl/bsz486117820"$"https://digital.wlb-stuttgart.de/content/urn:nbn:de:bsz:24-digibib-bsz4861178208/jpg/thumbs/00000001.jpg"$"Komplett"$"Original"$"Standard"$"Einzelseite"$""$""$"Württembergische Landesbibliothek Stuttgart"$"https://d-nb.info/gnd/40657-0"$"Stuttgart"$"https://d-nb.info/gnd/4058282-6"$"Württembergische Landesbibliothek Stuttgart"$"https://d-nb.info/gnd/40657-0"$"Stuttgart"$"https://d-nb.info/gnd/4058282-6"
"303"$"Cod. poet. et phil. 4° 134a"$""$"https://digital.wlb-stuttgart.de/purl/bsz383599229"$"https://digital.wlb-stuttgart.de/content/urn:nbn:de:bsz:24-digibib-bsz3835992293/jpg/thumbs/00000001.jpg"$"Komplett"$"Original"$"Standard"$"Einzelseite"$""$""$"Württembergische Landesbibliothek Stuttgart"$"https://d-nb.info/gnd/40657-0"$"Stuttgart"$"https://d-nb.info/gnd/4058282-6"$"Württembergische Landesbibliothek Stuttgart"$"https://d-nb.info/gnd/40657-0"$"Stuttgart"$"https://d-nb.info/gnd/4058282-6"
"304"$"Cod. poet. et phil. 4° 134b"$""$"https://digital.wlb-stuttgart.de/purl/bsz38359961X"$"https://digital.wlb-stuttgart.de/content/urn:nbn:de:bsz:24-digibib-bsz38359961X5/jpg/thumbs/00000001.jpg"$"Komplett"$"Original"$"Standard"$"Einzelseite"$""$""$"Württembergische Landesbibliothek Stuttgart"$"https://d-nb.info/gnd/40657-0"$"Stuttgart"$"https://d-nb.info/gnd/4058282-6"$"Württembergische Landesbibliothek Stuttgart"$"https://d-nb.info/gnd/40657-0"$"Stuttgart"$"https://d-nb.info/gnd/4058282-6"
"305"$"Cod. poet. et phil. 4° 144"$""$"https://digital.wlb-stuttgart.de/purl/bsz38186877X"$"https://digital.wlb-stuttgart.de/content/urn:nbn:de:bsz:24-digibib-bsz38186877X4/jpg/thumbs/00000001.jpg"$"Komplett"$"Original"$"Standard"$"Einzelseite"$""$""$"Württembergische Landesbibliothek Stuttgart"$"https://d-nb.info/gnd/40657-0"$"Stuttgart"$"https://d-nb.info/gnd/4058282-6"$"Württembergische Landesbibliothek Stuttgart"$"https://d-nb.info/gnd/40657-0"$"Stuttgart"$"https://d-nb.info/gnd/4058282-6"
"306"$"Cod. poet. et phil. 4° 180"$""$"https://digital.wlb-stuttgart.de/purl/kxp1765890349"$"https://digital.wlb-stuttgart.de/content/urn:nbn:de:bsz:24-digibib-kxp17658903493/jpg/thumbs/00000001.jpg"$"Komplett"$"Original"$"Standard"$"Einzelseite"$""$""$"Württembergische Landesbibliothek Stuttgart"$"https://d-nb.info/gnd/40657-0"$"Stuttgart"$"https://d-nb.info/gnd/4058282-6"$"Württembergische Landesbibliothek Stuttgart"$"https://d-nb.info/gnd/40657-0"$"Stuttgart"$"https://d-nb.info/gnd/4058282-6"
"307"$"Cod. poet. et phil. 4° 205"$""$"https://digital.wlb-stuttgart.de/purl/bsz383302412"$"https://digital.wlb-stuttgart.de/content/urn:nbn:de:bsz:24-digibib-bsz3833024129/jpg/thumbs/00000001.jpg"$"Komplett"$"Original"$"Standard"$"Einzelseite"$""$""$"Württembergische Landesbibliothek Stuttgart"$"https://d-nb.info/gnd/40657-0"$"Stuttgart"$"https://d-nb.info/gnd/4058282-6"$"Württembergische Landesbibliothek Stuttgart"$"https://d-nb.info/gnd/40657-0"$"Stuttgart"$"https://d-nb.info/gnd/4058282-6"
"308"$"Cod. poet. et phil. 4° 21"$""$"https://digital.wlb-stuttgart.de/purl/kxp1796778249"$"https://digital.wlb-stuttgart.de/content/urn:nbn:de:bsz:24-digibib-kxp17967782490/jpg/thumbs/00000001.jpg"$"Komplett"$"Original"$"Standard"$"Einzelseite"$""$""$"Württembergische Landesbibliothek Stuttgart"$"https://d-nb.info/gnd/40657-0"$"Stuttgart"$"https://d-nb.info/gnd/4058282-6"$"Württembergische Landesbibliothek Stuttgart"$"https://d-nb.info/gnd/40657-0"$"Stuttgart"$"https://d-nb.info/gnd/4058282-6"
"309"$"Cod. poet. et phil. 4° 25"$""$"https://digital.wlb-stuttgart.de/purl/bsz393892735"$"https://digital.wlb-stuttgart.de/content/urn:nbn:de:bsz:24-digibib-bsz3938927357/jpg/thumbs/00000001.jpg"$"Komplett"$"Original"$"Standard"$"Einzelseite"$""$""$"Württembergische Landesbibliothek Stuttgart"$"https://d-nb.info/gnd/40657-0"$"Stuttgart"$"https://d-nb.info/gnd/4058282-6"$"Württembergische Landesbibliothek Stuttgart"$"https://d-nb.info/gnd/40657-0"$"Stuttgart"$"https://d-nb.info/gnd/4058282-6"
"310"$"Cod. poet. et phil. 4° 26"$""$"https://digital.wlb-stuttgart.de/purl/bsz391521284"$"https://digital.wlb-stuttgart.de/content/urn:nbn:de:bsz:24-digibib-bsz3915212848/jpg/thumbs/00000001.jpg"$"Komplett"$"Original"$"Standard"$"Einzelseite"$""$""$"Württembergische Landesbibliothek Stuttgart"$"https://d-nb.info/gnd/40657-0"$"Stuttgart"$"https://d-nb.info/gnd/4058282-6"$"Württembergische Landesbibliothek Stuttgart"$"https://d-nb.info/gnd/40657-0"$"Stuttgart"$"https://d-nb.info/gnd/4058282-6"
"311"$"Cod. poet. et phil. 4° 27"$""$"https://digital.wlb-stuttgart.de/purl/bsz408706384"$"https://digital.wlb-stuttgart.de/content/urn:nbn:de:bsz:24-digibib-bsz4087063843/jpg/thumbs/00000001.jpg"$"Komplett"$"Original"$"Standard"$"Einzelseite"$""$""$"Württembergische Landesbibliothek Stuttgart"$"https://d-nb.info/gnd/40657-0"$"Stuttgart"$"https://d-nb.info/gnd/4058282-6"$"Württembergische Landesbibliothek Stuttgart"$"https://d-nb.info/gnd/40657-0"$"Stuttgart"$"https://d-nb.info/gnd/4058282-6"
"312"$"Cod. poet. et phil. 4° 31"$""$"https://digital.wlb-stuttgart.de/purl/bsz444982299"$"https://digital.wlb-stuttgart.de/content/urn:nbn:de:bsz:24-digibib-bsz4449822998/jpg/thumbs/00000001.jpg"$"Komplett"$"Original"$"Standard"$"Einzelseite"$""$""$"Württembergische Landesbibliothek Stuttgart"$"https://d-nb.info/gnd/40657-0"$"Stuttgart"$"https://d-nb.info/gnd/4058282-6"$"Württembergische Landesbibliothek Stuttgart"$"https://d-nb.info/gnd/40657-0"$"Stuttgart"$"https://d-nb.info/gnd/4058282-6"
"313"$"Cod. poet. et phil. 4° 35"$""$"https://digital.wlb-stuttgart.de/purl/bsz446224359"$"https://digital.wlb-stuttgart.de/content/urn:nbn:de:bsz:24-digibib-bsz4462243599/jpg/thumbs/00000001.jpg"$"Komplett"$"Original"$"Standard"$"Einzelseite"$""$""$"Württembergische Landesbibliothek Stuttgart"$"https://d-nb.info/gnd/40657-0"$"Stuttgart"$"https://d-nb.info/gnd/4058282-6"$"Württembergische Landesbibliothek Stuttgart"$"https://d-nb.info/gnd/40657-0"$"Stuttgart"$"https://d-nb.info/gnd/4058282-6"
"314"$"Cod. poet. et phil. 4° 36"$""$"https://digital.wlb-stuttgart.de/purl/bsz408716576"$"https://digital.wlb-stuttgart.de/content/urn:nbn:de:bsz:24-digibib-bsz4087165760/jpg/thumbs/00000001.jpg"$"Komplett"$"Original"$"Standard"$"Einzelseite"$""$""$"Württembergische Landesbibliothek Stuttgart"$"https://d-nb.info/gnd/40657-0"$"Stuttgart"$"https://d-nb.info/gnd/4058282-6"$"Württembergische Landesbibliothek Stuttgart"$"https://d-nb.info/gnd/40657-0"$"Stuttgart"$"https://d-nb.info/gnd/4058282-6"
"315"$"Cod. poet. et phil. 4° 38"$""$"https://digital.wlb-stuttgart.de/purl/bsz454502478"$"https://digital.wlb-stuttgart.de/content/urn:nbn:de:bsz:24-digibib-bsz4545024785/jpg/thumbs/00000001.jpg"$"Komplett"$"Original"$"Standard"$"Einzelseite"$""$""$"Württembergische Landesbibliothek Stuttgart"$"https://d-nb.info/gnd/40657-0"$"Stuttgart"$"https://d-nb.info/gnd/4058282-6"$"Württembergische Landesbibliothek Stuttgart"$"https://d-nb.info/gnd/40657-0"$"Stuttgart"$"https://d-nb.info/gnd/4058282-6"
"316"$"Cod. poet. et phil. 4° 52"$""$"https://digital.wlb-stuttgart.de/purl/bsz312519869"$"https://digital.wlb-stuttgart.de/content/urn:nbn:de:bsz:24-digibib-bsz3125198692/jpg/thumbs/00000001.jpg"$"Komplett"$"Original"$"Standard"$"Einzelseite"$""$""$"Württembergische Landesbibliothek Stuttgart"$"https://d-nb.info/gnd/40657-0"$"Stuttgart"$"https://d-nb.info/gnd/4058282-6"$"Württembergische Landesbibliothek Stuttgart"$"https://d-nb.info/gnd/40657-0"$"Stuttgart"$"https://d-nb.info/gnd/4058282-6"
"317"$"Cod. poet. et phil. 4° 76"$""$"https://digital.wlb-stuttgart.de/purl/bsz409544515"$"https://digital.wlb-stuttgart.de/content/urn:nbn:de:bsz:24-digibib-bsz4095445151/jpg/thumbs/00000001.jpg"$"Komplett"$"Original"$"Standard"$"Einzelseite"$""$""$"Württembergische Landesbibliothek Stuttgart"$"https://d-nb.info/gnd/40657-0"$"Stuttgart"$"https://d-nb.info/gnd/4058282-6"$"Württembergische Landesbibliothek Stuttgart"$"https://d-nb.info/gnd/40657-0"$"Stuttgart"$"https://d-nb.info/gnd/4058282-6"
"318"$"Cod. poet. et phil. 4° 89"$""$"https://digital.wlb-stuttgart.de/purl/bsz409545619"$"https://digital.wlb-stuttgart.de/content/urn:nbn:de:bsz:24-digibib-bsz4095456198/jpg/thumbs/00000001.jpg"$"Komplett"$"Original"$"Standard"$"Einzelseite"$""$""$"Württembergische Landesbibliothek Stuttgart"$"https://d-nb.info/gnd/40657-0"$"Stuttgart"$"https://d-nb.info/gnd/4058282-6"$"Württembergische Landesbibliothek Stuttgart"$"https://d-nb.info/gnd/40657-0"$"Stuttgart"$"https://d-nb.info/gnd/4058282-6"
"319"$"Cod. poet. et phil. 8° 11"$""$"https://digital.wlb-stuttgart.de/purl/bsz408717807"$"https://digital.wlb-stuttgart.de/content/urn:nbn:de:bsz:24-digibib-bsz4087178076/jpg/thumbs/00000001.jpg"$"Komplett"$"Original"$"Standard"$"Einzelseite"$""$""$"Württembergische Landesbibliothek Stuttgart"$"https://d-nb.info/gnd/40657-0"$"Stuttgart"$"https://d-nb.info/gnd/4058282-6"$"Württembergische Landesbibliothek Stuttgart"$"https://d-nb.info/gnd/40657-0"$"Stuttgart"$"https://d-nb.info/gnd/4058282-6"
"320"$"Cod. poet. et phil. 8° 39"$""$"https://digital.wlb-stuttgart.de/purl/kxp1788690052"$"https://digital.wlb-stuttgart.de/content/urn:nbn:de:bsz:24-digibib-kxp17886900521/jpg/thumbs/00000001.jpg"$"Komplett"$"Original"$"Standard"$"Einzelseite"$""$""$"Württembergische Landesbibliothek Stuttgart"$"https://d-nb.info/gnd/40657-0"$"Stuttgart"$"https://d-nb.info/gnd/4058282-6"$"Württembergische Landesbibliothek Stuttgart"$"https://d-nb.info/gnd/40657-0"$"Stuttgart"$"https://d-nb.info/gnd/4058282-6"
"321"$"Cod. poet. et phil. 8° 41"$""$"https://digital.wlb-stuttgart.de/purl/bsz383594383"$"https://digital.wlb-stuttgart.de/content/urn:nbn:de:bsz:24-digibib-bsz3835943839/jpg/thumbs/00000001.jpg"$"Komplett"$"Original"$"Standard"$"Einzelseite"$""$""$"Württembergische Landesbibliothek Stuttgart"$"https://d-nb.info/gnd/40657-0"$"Stuttgart"$"https://d-nb.info/gnd/4058282-6"$"Württembergische Landesbibliothek Stuttgart"$"https://d-nb.info/gnd/40657-0"$"Stuttgart"$"https://d-nb.info/gnd/4058282-6"
"322"$"Cod. poet. et phil. 8° 48"$""$"https://digital.wlb-stuttgart.de/purl/bsz409590746"$"https://digital.wlb-stuttgart.de/content/urn:nbn:de:bsz:24-digibib-bsz4095907460/jpg/thumbs/00000001.jpg"$"Komplett"$"Original"$"Standard"$"Einzelseite"$""$""$"Württembergische Landesbibliothek Stuttgart"$"https://d-nb.info/gnd/40657-0"$"Stuttgart"$"https://d-nb.info/gnd/4058282-6"$"Württembergische Landesbibliothek Stuttgart"$"https://d-nb.info/gnd/40657-0"$"Stuttgart"$"https://d-nb.info/gnd/4058282-6"
"323"$"Cod. theol. et phil. 2° 122"$""$"https://digital.wlb-stuttgart.de/purl/bsz330594400"$"https://digital.wlb-stuttgart.de/content/urn:nbn:de:bsz:24-digibib-bsz3305944007/jpg/thumbs/00000001.jpg"$"Komplett"$"Original"$"Standard"$"Einzelseite"$""$""$"Württembergische Landesbibliothek Stuttgart"$"https://d-nb.info/gnd/40657-0"$"Stuttgart"$"https://d-nb.info/gnd/4058282-6"$"Württembergische Landesbibliothek Stuttgart"$"https://d-nb.info/gnd/40657-0"$"Stuttgart"$"https://d-nb.info/gnd/4058282-6"
"324"$"Cod. theol. et phil. 2° 144"$""$"https://digital.wlb-stuttgart.de/purl/bsz411126741"$"https://digital.wlb-stuttgart.de/content/urn:nbn:de:bsz:24-digibib-bsz4111267418/jpg/thumbs/00000001.jpg"$"Komplett"$"Original"$"Standard"$"Einzelseite"$""$""$"Württembergische Landesbibliothek Stuttgart"$"https://d-nb.info/gnd/40657-0"$"Stuttgart"$"https://d-nb.info/gnd/4058282-6"$"Württembergische Landesbibliothek Stuttgart"$"https://d-nb.info/gnd/40657-0"$"Stuttgart"$"https://d-nb.info/gnd/4058282-6"
"325"$"Cod. theol. et phil. 2° 152"$""$"https://digital.wlb-stuttgart.de/purl/bsz367231751"$"https://digital.wlb-stuttgart.de/content/urn:nbn:de:bsz:24-digibib-bsz3672317519/jpg/thumbs/00000001.jpg"$"Komplett"$"Original"$"Standard"$"Einzelseite"$""$""$"Württembergische Landesbibliothek Stuttgart"$"https://d-nb.info/gnd/40657-0"$"Stuttgart"$"https://d-nb.info/gnd/4058282-6"$"Württembergische Landesbibliothek Stuttgart"$"https://d-nb.info/gnd/40657-0"$"Stuttgart"$"https://d-nb.info/gnd/4058282-6"
"326"$"Cod. theol. et phil. 2° 19"$""$"https://digital.wlb-stuttgart.de/purl/bsz379556065"$"https://digital.wlb-stuttgart.de/content/urn:nbn:de:bsz:24-digibib-bsz3795560651/jpg/thumbs/00000001.jpg"$"Komplett"$"Original"$"Standard"$"Einzelseite"$""$""$"Württembergische Landesbibliothek Stuttgart"$"https://d-nb.info/gnd/40657-0"$"Stuttgart"$"https://d-nb.info/gnd/4058282-6"$"Württembergische Landesbibliothek Stuttgart"$"https://d-nb.info/gnd/40657-0"$"Stuttgart"$"https://d-nb.info/gnd/4058282-6"
"327"$"Cod. theol. et phil. 2° 195"$""$"https://digital.wlb-stuttgart.de/purl/bsz330056212"$"https://digital.wlb-stuttgart.de/content/urn:nbn:de:bsz:24-digibib-bsz3300562125/jpg/thumbs/00000001.jpg"$"Komplett"$"Original"$"Standard"$"Einzelseite"$""$""$"Württembergische Landesbibliothek Stuttgart"$"https://d-nb.info/gnd/40657-0"$"Stuttgart"$"https://d-nb.info/gnd/4058282-6"$"Württembergische Landesbibliothek Stuttgart"$"https://d-nb.info/gnd/40657-0"$"Stuttgart"$"https://d-nb.info/gnd/4058282-6"
"328"$"Cod. theol. et phil. 2° 2"$""$"https://digital.wlb-stuttgart.de/purl/bsz476558336"$"https://digital.wlb-stuttgart.de/content/urn:nbn:de:bsz:24-digibib-bsz4765583362/jpg/thumbs/00000001.jpg"$"Komplett"$"Original"$"Standard"$"Einzelseite"$""$""$"Württembergische Landesbibliothek Stuttgart"$"https://d-nb.info/gnd/40657-0"$"Stuttgart"$"https://d-nb.info/gnd/4058282-6"$"Württembergische Landesbibliothek Stuttgart"$"https://d-nb.info/gnd/40657-0"$"Stuttgart"$"https://d-nb.info/gnd/4058282-6"
"329"$"Cod. theol. et phil. 2° 202"$""$"https://digital.wlb-stuttgart.de/purl/bsz379560860"$"https://digital.wlb-stuttgart.de/content/urn:nbn:de:bsz:24-digibib-bsz3795608604/jpg/thumbs/00000001.jpg"$"Komplett"$"Original"$"Standard"$"Einzelseite"$""$""$"Württembergische Landesbibliothek Stuttgart"$"https://d-nb.info/gnd/40657-0"$"Stuttgart"$"https://d-nb.info/gnd/4058282-6"$"Württembergische Landesbibliothek Stuttgart"$"https://d-nb.info/gnd/40657-0"$"Stuttgart"$"https://d-nb.info/gnd/4058282-6"
"330"$"Cod. theol. et phil. 2° 206"$""$"https://digital.wlb-stuttgart.de/purl/bsz476948576"$"https://digital.wlb-stuttgart.de/content/urn:nbn:de:bsz:24-digibib-bsz4769485764/jpg/thumbs/00000001.jpg"$"Komplett"$"Original"$"Standard"$"Einzelseite"$""$""$"Württembergische Landesbibliothek Stuttgart"$"https://d-nb.info/gnd/40657-0"$"Stuttgart"$"https://d-nb.info/gnd/4058282-6"$"Württembergische Landesbibliothek Stuttgart"$"https://d-nb.info/gnd/40657-0"$"Stuttgart"$"https://d-nb.info/gnd/4058282-6"
"331"$"Cod. theol. et phil. 2° 209"$""$"https://digital.wlb-stuttgart.de/purl/bsz35233343X"$"https://digital.wlb-stuttgart.de/content/urn:nbn:de:bsz:24-digibib-bsz35233343X8/jpg/thumbs/00000001.jpg"$"Komplett"$"Original"$"Standard"$"Einzelseite"$""$""$"Württembergische Landesbibliothek Stuttgart"$"https://d-nb.info/gnd/40657-0"$"Stuttgart"$"https://d-nb.info/gnd/4058282-6"$"Württembergische Landesbibliothek Stuttgart"$"https://d-nb.info/gnd/40657-0"$"Stuttgart"$"https://d-nb.info/gnd/4058282-6"
"332"$"Cod. theol. et phil. 2° 242"$""$"https://digital.wlb-stuttgart.de/purl/kxp1782653546"$"https://digital.wlb-stuttgart.de/content/urn:nbn:de:bsz:24-digibib-kxp17826535464/jpg/thumbs/00000001.jpg"$"Komplett"$"Original"$"Standard"$"Einzelseite"$""$""$"Württembergische Landesbibliothek Stuttgart"$"https://d-nb.info/gnd/40657-0"$"Stuttgart"$"https://d-nb.info/gnd/4058282-6"$"Württembergische Landesbibliothek Stuttgart"$"https://d-nb.info/gnd/40657-0"$"Stuttgart"$"https://d-nb.info/gnd/4058282-6"
"333"$"Cod. theol. et phil. 2° 279"$""$"https://digital.wlb-stuttgart.de/purl/bsz330599275"$"https://digital.wlb-stuttgart.de/content/urn:nbn:de:bsz:24-digibib-bsz3305992755/jpg/thumbs/00000001.jpg"$"Komplett"$"Original"$"Standard"$"Einzelseite"$""$""$"Württembergische Landesbibliothek Stuttgart"$"https://d-nb.info/gnd/40657-0"$"Stuttgart"$"https://d-nb.info/gnd/4058282-6"$"Württembergische Landesbibliothek Stuttgart"$"https://d-nb.info/gnd/40657-0"$"Stuttgart"$"https://d-nb.info/gnd/4058282-6"
"334"$"Cod. theol. et phil. 2° 280"$""$"https://digital.wlb-stuttgart.de/purl/bsz470551119"$"https://digital.wlb-stuttgart.de/content/urn:nbn:de:bsz:24-digibib-bsz4705511194/jpg/thumbs/00000001.jpg"$"Komplett"$"Original"$"Standard"$"Einzelseite"$""$""$"Württembergische Landesbibliothek Stuttgart"$"https://d-nb.info/gnd/40657-0"$"Stuttgart"$"https://d-nb.info/gnd/4058282-6"$"Württembergische Landesbibliothek Stuttgart"$"https://d-nb.info/gnd/40657-0"$"Stuttgart"$"https://d-nb.info/gnd/4058282-6"
"335"$"Cod. theol. et phil. 2° 281"$""$"https://digital.wlb-stuttgart.de/purl/bsz410302244"$"https://digital.wlb-stuttgart.de/content/urn:nbn:de:bsz:24-digibib-bsz4103022449/jpg/thumbs/00000001.jpg"$"Komplett"$"Original"$"Standard"$"Einzelseite"$""$""$"Württembergische Landesbibliothek Stuttgart"$"https://d-nb.info/gnd/40657-0"$"Stuttgart"$"https://d-nb.info/gnd/4058282-6"$"Württembergische Landesbibliothek Stuttgart"$"https://d-nb.info/gnd/40657-0"$"Stuttgart"$"https://d-nb.info/gnd/4058282-6"
"336"$"Cod. theol. et phil. 2° 282"$""$"https://digital.wlb-stuttgart.de/purl/kxp1765903858"$"https://digital.wlb-stuttgart.de/content/urn:nbn:de:bsz:24-digibib-kxp17659038583/jpg/thumbs/00000001.jpg"$"Komplett"$"Original"$"Standard"$"Einzelseite"$""$""$"Württembergische Landesbibliothek Stuttgart"$"https://d-nb.info/gnd/40657-0"$"Stuttgart"$"https://d-nb.info/gnd/4058282-6"$"Württembergische Landesbibliothek Stuttgart"$"https://d-nb.info/gnd/40657-0"$"Stuttgart"$"https://d-nb.info/gnd/4058282-6"
"337"$"Cod. theol. et phil. 2° 29"$""$"https://digital.wlb-stuttgart.de/purl/bsz474255298"$"https://digital.wlb-stuttgart.de/content/urn:nbn:de:bsz:24-digibib-bsz4742552989/jpg/thumbs/00000001.jpg"$"Komplett"$"Original"$"Standard"$"Einzelseite"$""$""$"Württembergische Landesbibliothek Stuttgart"$"https://d-nb.info/gnd/40657-0"$"Stuttgart"$"https://d-nb.info/gnd/4058282-6"$"Württembergische Landesbibliothek Stuttgart"$"https://d-nb.info/gnd/40657-0"$"Stuttgart"$"https://d-nb.info/gnd/4058282-6"
"338"$"Cod. theol. et phil. 2° 294"$""$"https://digital.wlb-stuttgart.de/purl/bsz474256065"$"https://digital.wlb-stuttgart.de/content/urn:nbn:de:bsz:24-digibib-bsz4742560655/jpg/thumbs/00000001.jpg"$"Komplett"$"Original"$"Standard"$"Einzelseite"$""$""$"Württembergische Landesbibliothek Stuttgart"$"https://d-nb.info/gnd/40657-0"$"Stuttgart"$"https://d-nb.info/gnd/4058282-6"$"Württembergische Landesbibliothek Stuttgart"$"https://d-nb.info/gnd/40657-0"$"Stuttgart"$"https://d-nb.info/gnd/4058282-6"
"339"$"Cod. theol. et phil. 2° 297"$""$"https://digital.wlb-stuttgart.de/purl/bsz474258181"$"https://digital.wlb-stuttgart.de/content/urn:nbn:de:bsz:24-digibib-bsz4742581813/jpg/thumbs/00000001.jpg"$"Komplett"$"Original"$"Standard"$"Einzelseite"$""$""$"Württembergische Landesbibliothek Stuttgart"$"https://d-nb.info/gnd/40657-0"$"Stuttgart"$"https://d-nb.info/gnd/4058282-6"$"Württembergische Landesbibliothek Stuttgart"$"https://d-nb.info/gnd/40657-0"$"Stuttgart"$"https://d-nb.info/gnd/4058282-6"
"340"$"Cod. theol. et phil. 2° 3"$""$"https://digital.wlb-stuttgart.de/purl/bsz476559782"$"https://digital.wlb-stuttgart.de/content/urn:nbn:de:bsz:24-digibib-bsz4765597820/jpg/thumbs/00000001.jpg"$"Komplett"$"Original"$"Standard"$"Einzelseite"$""$""$"Württembergische Landesbibliothek Stuttgart"$"https://d-nb.info/gnd/40657-0"$"Stuttgart"$"https://d-nb.info/gnd/4058282-6"$"Württembergische Landesbibliothek Stuttgart"$"https://d-nb.info/gnd/40657-0"$"Stuttgart"$"https://d-nb.info/gnd/4058282-6"
"341"$"Cod. theol. et phil. 2° 300"$""$"https://digital.wlb-stuttgart.de/purl/bsz476947820"$"https://digital.wlb-stuttgart.de/content/urn:nbn:de:bsz:24-digibib-bsz4769478200/jpg/thumbs/00000001.jpg"$"Komplett"$"Original"$"Standard"$"Einzelseite"$""$""$"Württembergische Landesbibliothek Stuttgart"$"https://d-nb.info/gnd/40657-0"$"Stuttgart"$"https://d-nb.info/gnd/4058282-6"$"Württembergische Landesbibliothek Stuttgart"$"https://d-nb.info/gnd/40657-0"$"Stuttgart"$"https://d-nb.info/gnd/4058282-6"
"342"$"Cod. theol. et phil. 2° 303"$""$"https://digital.wlb-stuttgart.de/purl/bsz442774249"$"https://digital.wlb-stuttgart.de/content/urn:nbn:de:bsz:24-digibib-bsz4427742491/jpg/thumbs/00000001.jpg"$"Komplett"$"Original"$"Standard"$"Einzelseite"$""$""$"Württembergische Landesbibliothek Stuttgart"$"https://d-nb.info/gnd/40657-0"$"Stuttgart"$"https://d-nb.info/gnd/4058282-6"$"Württembergische Landesbibliothek Stuttgart"$"https://d-nb.info/gnd/40657-0"$"Stuttgart"$"https://d-nb.info/gnd/4058282-6"
"343"$"Cod. theol. et phil. 2° 305"$""$"https://digital.wlb-stuttgart.de/purl/bsz474259242"$"https://digital.wlb-stuttgart.de/content/urn:nbn:de:bsz:24-digibib-bsz4742592427/jpg/thumbs/00000001.jpg"$"Komplett"$"Original"$"Standard"$"Einzelseite"$""$""$"Württembergische Landesbibliothek Stuttgart"$"https://d-nb.info/gnd/40657-0"$"Stuttgart"$"https://d-nb.info/gnd/4058282-6"$"Württembergische Landesbibliothek Stuttgart"$"https://d-nb.info/gnd/40657-0"$"Stuttgart"$"https://d-nb.info/gnd/4058282-6"
"344"$"Cod. theol. et phil. 2° 308"$""$"https://digital.wlb-stuttgart.de/purl/bsz474260151"$"https://digital.wlb-stuttgart.de/content/urn:nbn:de:bsz:24-digibib-bsz4742601519/jpg/thumbs/00000001.jpg"$"Komplett"$"Original"$"Standard"$"Einzelseite"$""$""$"Württembergische Landesbibliothek Stuttgart"$"https://d-nb.info/gnd/40657-0"$"Stuttgart"$"https://d-nb.info/gnd/4058282-6"$"Württembergische Landesbibliothek Stuttgart"$"https://d-nb.info/gnd/40657-0"$"Stuttgart"$"https://d-nb.info/gnd/4058282-6"
"345"$"Cod. theol. et phil. 2° 34"$""$"https://digital.wlb-stuttgart.de/purl/bsz411124862"$"https://digital.wlb-stuttgart.de/content/urn:nbn:de:bsz:24-digibib-bsz4111248626/jpg/thumbs/00000001.jpg"$"Komplett"$"Original"$"Standard"$"Einzelseite"$""$""$"Württembergische Landesbibliothek Stuttgart"$"https://d-nb.info/gnd/40657-0"$"Stuttgart"$"https://d-nb.info/gnd/4058282-6"$"Württembergische Landesbibliothek Stuttgart"$"https://d-nb.info/gnd/40657-0"$"Stuttgart"$"https://d-nb.info/gnd/4058282-6"
"346"$"Cod. theol. et phil. 2° 341"$""$"https://digital.wlb-stuttgart.de/purl/bsz352336099"$"https://digital.wlb-stuttgart.de/content/urn:nbn:de:bsz:24-digibib-bsz3523360992/jpg/thumbs/00000001.jpg"$"Komplett"$"Original"$"Standard"$"Einzelseite"$""$""$"Württembergische Landesbibliothek Stuttgart"$"https://d-nb.info/gnd/40657-0"$"Stuttgart"$"https://d-nb.info/gnd/4058282-6"$"Württembergische Landesbibliothek Stuttgart"$"https://d-nb.info/gnd/40657-0"$"Stuttgart"$"https://d-nb.info/gnd/4058282-6"
"347"$"Cod. theol. et phil. 2° 358"$""$"https://digital.wlb-stuttgart.de/purl/bsz408721219"$"https://digital.wlb-stuttgart.de/content/urn:nbn:de:bsz:24-digibib-bsz4087212190/jpg/thumbs/00000001.jpg"$"Komplett"$"Original"$"Standard"$"Einzelseite"$""$""$"Württembergische Landesbibliothek Stuttgart"$"https://d-nb.info/gnd/40657-0"$"Stuttgart"$"https://d-nb.info/gnd/4058282-6"$"Württembergische Landesbibliothek Stuttgart"$"https://d-nb.info/gnd/40657-0"$"Stuttgart"$"https://d-nb.info/gnd/4058282-6"
"348"$"Cod. theol. et phil. 2° 45"$""$"https://digital.wlb-stuttgart.de/purl/bsz500428174"$"https://digital.wlb-stuttgart.de/content/urn:nbn:de:bsz:24-digibib-bsz5004281745/jpg/thumbs/00000001.jpg"$"Komplett"$"Original"$"Standard"$"Einzelseite"$""$""$"Württembergische Landesbibliothek Stuttgart"$"https://d-nb.info/gnd/40657-0"$"Stuttgart"$"https://d-nb.info/gnd/4058282-6"$"Württembergische Landesbibliothek Stuttgart"$"https://d-nb.info/gnd/40657-0"$"Stuttgart"$"https://d-nb.info/gnd/4058282-6"
"349"$"Cod. theol. et phil. 2° 73"$""$"https://digital.wlb-stuttgart.de/purl/bsz379551152"$"https://digital.wlb-stuttgart.de/content/urn:nbn:de:bsz:24-digibib-bsz3795511521/jpg/thumbs/00000001.jpg"$"Komplett"$"Original"$"Standard"$"Einzelseite"$""$""$"Württembergische Landesbibliothek Stuttgart"$"https://d-nb.info/gnd/40657-0"$"Stuttgart"$"https://d-nb.info/gnd/4058282-6"$"Württembergische Landesbibliothek Stuttgart"$"https://d-nb.info/gnd/40657-0"$"Stuttgart"$"https://d-nb.info/gnd/4058282-6"
"350"$"Cod. theol. et phil. 2° 91"$""$"https://digital.wlb-stuttgart.de/purl/bsz414962796"$"https://digital.wlb-stuttgart.de/content/urn:nbn:de:bsz:24-digibib-bsz4149627963/jpg/thumbs/00000001.jpg"$"Komplett"$"Original"$"Standard"$"Einzelseite"$""$""$"Württembergische Landesbibliothek Stuttgart"$"https://d-nb.info/gnd/40657-0"$"Stuttgart"$"https://d-nb.info/gnd/4058282-6"$"Württembergische Landesbibliothek Stuttgart"$"https://d-nb.info/gnd/40657-0"$"Stuttgart"$"https://d-nb.info/gnd/4058282-6"
"351"$"Cod. theol. et phil. 2° 95"$""$"https://digital.wlb-stuttgart.de/purl/bsz44276586X"$"https://digital.wlb-stuttgart.de/content/urn:nbn:de:bsz:24-digibib-bsz44276586X3/jpg/thumbs/00000001.jpg"$"Komplett"$"Original"$"Standard"$"Einzelseite"$""$""$"Württembergische Landesbibliothek Stuttgart"$"https://d-nb.info/gnd/40657-0"$"Stuttgart"$"https://d-nb.info/gnd/4058282-6"$"Württembergische Landesbibliothek Stuttgart"$"https://d-nb.info/gnd/40657-0"$"Stuttgart"$"https://d-nb.info/gnd/4058282-6"
"352"$"Cod. theol. et phil. 2° 99"$""$"https://digital.wlb-stuttgart.de/purl/bsz44338469X"$"https://digital.wlb-stuttgart.de/content/urn:nbn:de:bsz:24-digibib-bsz44338469X3/jpg/thumbs/00000001.jpg"$"Komplett"$"Original"$"Standard"$"Einzelseite"$""$""$"Württembergische Landesbibliothek Stuttgart"$"https://d-nb.info/gnd/40657-0"$"Stuttgart"$"https://d-nb.info/gnd/4058282-6"$"Württembergische Landesbibliothek Stuttgart"$"https://d-nb.info/gnd/40657-0"$"Stuttgart"$"https://d-nb.info/gnd/4058282-6"
"353"$"Cod. theol. et phil. 4° 134"$""$"https://digital.wlb-stuttgart.de/purl/bsz493453571"$"https://digital.wlb-stuttgart.de/content/urn:nbn:de:bsz:24-digibib-bsz4934535713/jpg/thumbs/00000001.jpg"$"Komplett"$"Original"$"Standard"$"Einzelseite"$""$""$"Württembergische Landesbibliothek Stuttgart"$"https://d-nb.info/gnd/40657-0"$"Stuttgart"$"https://d-nb.info/gnd/4058282-6"$"Württembergische Landesbibliothek Stuttgart"$"https://d-nb.info/gnd/40657-0"$"Stuttgart"$"https://d-nb.info/gnd/4058282-6"
"354"$"Cod. theol. et phil. 4° 140"$""$"https://digital.wlb-stuttgart.de/purl/bsz379066157"$"https://digital.wlb-stuttgart.de/content/urn:nbn:de:bsz:24-digibib-bsz3790661577/jpg/thumbs/00000001.jpg"$"Komplett"$"Original"$"Standard"$"Einzelseite"$""$""$"Württembergische Landesbibliothek Stuttgart"$"https://d-nb.info/gnd/40657-0"$"Stuttgart"$"https://d-nb.info/gnd/4058282-6"$"Württembergische Landesbibliothek Stuttgart"$"https://d-nb.info/gnd/40657-0"$"Stuttgart"$"https://d-nb.info/gnd/4058282-6"
"355"$"Cod. theol. et phil. 4° 141"$""$"https://digital.wlb-stuttgart.de/purl/bsz352936533"$"https://digital.wlb-stuttgart.de/content/urn:nbn:de:bsz:24-digibib-bsz3529365334/jpg/thumbs/00000001.jpg"$"Komplett"$"Original"$"Standard"$"Einzelseite"$""$""$"Württembergische Landesbibliothek Stuttgart"$"https://d-nb.info/gnd/40657-0"$"Stuttgart"$"https://d-nb.info/gnd/4058282-6"$"Württembergische Landesbibliothek Stuttgart"$"https://d-nb.info/gnd/40657-0"$"Stuttgart"$"https://d-nb.info/gnd/4058282-6"
"356"$"Cod. theol. et phil. 4° 190"$""$"https://digital.wlb-stuttgart.de/purl/bsz410229547"$"https://digital.wlb-stuttgart.de/content/urn:nbn:de:bsz:24-digibib-bsz4102295472/jpg/thumbs/00000001.jpg"$"Komplett"$"Original"$"Standard"$"Einzelseite"$""$""$"Württembergische Landesbibliothek Stuttgart"$"https://d-nb.info/gnd/40657-0"$"Stuttgart"$"https://d-nb.info/gnd/4058282-6"$"Württembergische Landesbibliothek Stuttgart"$"https://d-nb.info/gnd/40657-0"$"Stuttgart"$"https://d-nb.info/gnd/4058282-6"
"357"$"Cod. theol. et phil. 4° 2"$""$"https://digital.wlb-stuttgart.de/purl/bsz455396299"$"https://digital.wlb-stuttgart.de/content/urn:nbn:de:bsz:24-digibib-bsz4553962994/jpg/thumbs/00000001.jpg"$"Komplett"$"Original"$"Standard"$"Einzelseite"$""$""$"Württembergische Landesbibliothek Stuttgart"$"https://d-nb.info/gnd/40657-0"$"Stuttgart"$"https://d-nb.info/gnd/4058282-6"$"Württembergische Landesbibliothek Stuttgart"$"https://d-nb.info/gnd/40657-0"$"Stuttgart"$"https://d-nb.info/gnd/4058282-6"
"358"$"Cod. theol. et phil. 4° 212"$""$"https://digital.wlb-stuttgart.de/purl/bsz410187275"$"https://digital.wlb-stuttgart.de/content/urn:nbn:de:bsz:24-digibib-bsz4101872750/jpg/thumbs/00000001.jpg"$"Komplett"$"Original"$"Standard"$"Einzelseite"$""$""$"Württembergische Landesbibliothek Stuttgart"$"https://d-nb.info/gnd/40657-0"$"Stuttgart"$"https://d-nb.info/gnd/4058282-6"$"Württembergische Landesbibliothek Stuttgart"$"https://d-nb.info/gnd/40657-0"$"Stuttgart"$"https://d-nb.info/gnd/4058282-6"
"359"$"Cod. theol. et phil. 4° 230"$""$"https://digital.wlb-stuttgart.de/purl/bsz366964860"$"https://digital.wlb-stuttgart.de/content/urn:nbn:de:bsz:24-digibib-bsz3669648600/jpg/thumbs/00000001.jpg"$"Komplett"$"Original"$"Standard"$"Einzelseite"$""$""$"Württembergische Landesbibliothek Stuttgart"$"https://d-nb.info/gnd/40657-0"$"Stuttgart"$"https://d-nb.info/gnd/4058282-6"$"Württembergische Landesbibliothek Stuttgart"$"https://d-nb.info/gnd/40657-0"$"Stuttgart"$"https://d-nb.info/gnd/4058282-6"
"360"$"Cod. theol. et phil. 4° 23a"$""$"https://digital.wlb-stuttgart.de/purl/bsz41197517X"$"https://digital.wlb-stuttgart.de/content/urn:nbn:de:bsz:24-digibib-bsz41197517X8/jpg/thumbs/00000001.jpg"$"Komplett"$"Original"$"Standard"$"Einzelseite"$""$""$"Württembergische Landesbibliothek Stuttgart"$"https://d-nb.info/gnd/40657-0"$"Stuttgart"$"https://d-nb.info/gnd/4058282-6"$"Württembergische Landesbibliothek Stuttgart"$"https://d-nb.info/gnd/40657-0"$"Stuttgart"$"https://d-nb.info/gnd/4058282-6"
"361"$"Cod. theol. et phil. 4° 23b"$""$"https://digital.wlb-stuttgart.de/purl/bsz411975412"$"https://digital.wlb-stuttgart.de/content/urn:nbn:de:bsz:24-digibib-bsz4119754126/jpg/thumbs/00000001.jpg"$"Komplett"$"Original"$"Standard"$"Einzelseite"$""$""$"Württembergische Landesbibliothek Stuttgart"$"https://d-nb.info/gnd/40657-0"$"Stuttgart"$"https://d-nb.info/gnd/4058282-6"$"Württembergische Landesbibliothek Stuttgart"$"https://d-nb.info/gnd/40657-0"$"Stuttgart"$"https://d-nb.info/gnd/4058282-6"
"362"$"Cod. theol. et phil. 4° 242"$""$"https://digital.wlb-stuttgart.de/purl/bsz442781903"$"https://digital.wlb-stuttgart.de/content/urn:nbn:de:bsz:24-digibib-bsz4427819039/jpg/thumbs/00000001.jpg"$"Komplett"$"Original"$"Standard"$"Einzelseite"$""$""$"Württembergische Landesbibliothek Stuttgart"$"https://d-nb.info/gnd/40657-0"$"Stuttgart"$"https://d-nb.info/gnd/4058282-6"$"Württembergische Landesbibliothek Stuttgart"$"https://d-nb.info/gnd/40657-0"$"Stuttgart"$"https://d-nb.info/gnd/4058282-6"
"363"$"Cod. theol. et phil. 4° 246"$""$"https://digital.wlb-stuttgart.de/purl/bsz410188042"$"https://digital.wlb-stuttgart.de/content/urn:nbn:de:bsz:24-digibib-bsz4101880420/jpg/thumbs/00000001.jpg"$"Komplett"$"Original"$"Standard"$"Einzelseite"$""$""$"Württembergische Landesbibliothek Stuttgart"$"https://d-nb.info/gnd/40657-0"$"Stuttgart"$"https://d-nb.info/gnd/4058282-6"$"Württembergische Landesbibliothek Stuttgart"$"https://d-nb.info/gnd/40657-0"$"Stuttgart"$"https://d-nb.info/gnd/4058282-6"
"364"$"Cod. theol. et phil. 4° 253"$""$"https://digital.wlb-stuttgart.de/purl/bsz367271087"$"https://digital.wlb-stuttgart.de/content/urn:nbn:de:bsz:24-digibib-bsz3672710877/jpg/thumbs/00000001.jpg"$"Komplett"$"Original"$"Standard"$"Einzelseite"$""$""$"Württembergische Landesbibliothek Stuttgart"$"https://d-nb.info/gnd/40657-0"$"Stuttgart"$"https://d-nb.info/gnd/4058282-6"$"Württembergische Landesbibliothek Stuttgart"$"https://d-nb.info/gnd/40657-0"$"Stuttgart"$"https://d-nb.info/gnd/4058282-6"
"365"$"Cod. theol. et phil. 4° 265"$""$"https://digital.wlb-stuttgart.de/purl/bsz493494596"$"https://digital.wlb-stuttgart.de/content/urn:nbn:de:bsz:24-digibib-bsz4934945966/jpg/thumbs/00000001.jpg"$"Komplett"$"Original"$"Standard"$"Einzelseite"$""$""$"Württembergische Landesbibliothek Stuttgart"$"https://d-nb.info/gnd/40657-0"$"Stuttgart"$"https://d-nb.info/gnd/4058282-6"$"Württembergische Landesbibliothek Stuttgart"$"https://d-nb.info/gnd/40657-0"$"Stuttgart"$"https://d-nb.info/gnd/4058282-6"
"366"$"Cod. theol. et phil. 4° 281"$""$"https://digital.wlb-stuttgart.de/purl/bsz410224014"$"https://digital.wlb-stuttgart.de/content/urn:nbn:de:bsz:24-digibib-bsz4102240143/jpg/thumbs/00000001.jpg"$"Komplett"$"Original"$"Standard"$"Einzelseite"$""$""$"Württembergische Landesbibliothek Stuttgart"$"https://d-nb.info/gnd/40657-0"$"Stuttgart"$"https://d-nb.info/gnd/4058282-6"$"Württembergische Landesbibliothek Stuttgart"$"https://d-nb.info/gnd/40657-0"$"Stuttgart"$"https://d-nb.info/gnd/4058282-6"
"367"$"Cod. theol. et phil. 4° 45"$""$"https://digital.wlb-stuttgart.de/purl/bsz379546965"$"https://digital.wlb-stuttgart.de/content/urn:nbn:de:bsz:24-digibib-bsz3795469656/jpg/thumbs/00000001.jpg"$"Komplett"$"Original"$"Standard"$"Einzelseite"$""$""$"Württembergische Landesbibliothek Stuttgart"$"https://d-nb.info/gnd/40657-0"$"Stuttgart"$"https://d-nb.info/gnd/4058282-6"$"Württembergische Landesbibliothek Stuttgart"$"https://d-nb.info/gnd/40657-0"$"Stuttgart"$"https://d-nb.info/gnd/4058282-6"
"368"$"Cod. theol. et phil. 4° 50"$""$"https://digital.wlb-stuttgart.de/purl/bsz414954386"$"https://digital.wlb-stuttgart.de/content/urn:nbn:de:bsz:24-digibib-bsz4149543861/jpg/thumbs/00000001.jpg"$"Komplett"$"Original"$"Standard"$"Einzelseite"$""$""$"Württembergische Landesbibliothek Stuttgart"$"https://d-nb.info/gnd/40657-0"$"Stuttgart"$"https://d-nb.info/gnd/4058282-6"$"Württembergische Landesbibliothek Stuttgart"$"https://d-nb.info/gnd/40657-0"$"Stuttgart"$"https://d-nb.info/gnd/4058282-6"
"369"$"Cod. theol. et phil. 4° 500"$""$"https://digital.wlb-stuttgart.de/purl/bsz486120414"$"https://digital.wlb-stuttgart.de/content/urn:nbn:de:bsz:24-digibib-bsz4861204143/jpg/thumbs/00000001.jpg"$"Komplett"$"Original"$"Standard"$"Einzelseite"$""$""$"Württembergische Landesbibliothek Stuttgart"$"https://d-nb.info/gnd/40657-0"$"Stuttgart"$"https://d-nb.info/gnd/4058282-6"$"Württembergische Landesbibliothek Stuttgart"$"https://d-nb.info/gnd/40657-0"$"Stuttgart"$"https://d-nb.info/gnd/4058282-6"
"370"$"Cod. theol. et phil. 4° 514"$""$"https://digital.wlb-stuttgart.de/purl/kxp1796297712"$"https://digital.wlb-stuttgart.de/content/urn:nbn:de:bsz:24-digibib-kxp17962977127/jpg/thumbs/00000001.jpg"$"Komplett"$"Original"$"Standard"$"Einzelseite"$""$""$"Württembergische Landesbibliothek Stuttgart"$"https://d-nb.info/gnd/40657-0"$"Stuttgart"$"https://d-nb.info/gnd/4058282-6"$"Württembergische Landesbibliothek Stuttgart"$"https://d-nb.info/gnd/40657-0"$"Stuttgart"$"https://d-nb.info/gnd/4058282-6"
"371"$"Cod. theol. et phil. 4° 57"$""$"https://digital.wlb-stuttgart.de/purl/bsz379068087"$"https://digital.wlb-stuttgart.de/content/urn:nbn:de:bsz:24-digibib-bsz3790680879/jpg/thumbs/00000001.jpg"$"Komplett"$"Original"$"Standard"$"Einzelseite"$""$""$"Württembergische Landesbibliothek Stuttgart"$"https://d-nb.info/gnd/40657-0"$"Stuttgart"$"https://d-nb.info/gnd/4058282-6"$"Württembergische Landesbibliothek Stuttgart"$"https://d-nb.info/gnd/40657-0"$"Stuttgart"$"https://d-nb.info/gnd/4058282-6"
"372"$"Cod. theol. et phil. 4° 59"$""$"https://digital.wlb-stuttgart.de/purl/kxp1732445354"$"https://digital.wlb-stuttgart.de/content/urn:nbn:de:bsz:24-digibib-kxp17324453549/jpg/thumbs/00000001.jpg"$"Komplett"$"Original"$"Standard"$"Einzelseite"$""$""$"Württembergische Landesbibliothek Stuttgart"$"https://d-nb.info/gnd/40657-0"$"Stuttgart"$"https://d-nb.info/gnd/4058282-6"$"Württembergische Landesbibliothek Stuttgart"$"https://d-nb.info/gnd/40657-0"$"Stuttgart"$"https://d-nb.info/gnd/4058282-6"
"373"$"Cod. theol. et phil. 4° 628"$""$"https://digital.wlb-stuttgart.de/purl/bsz367276909"$"https://digital.wlb-stuttgart.de/content/urn:nbn:de:bsz:24-digibib-bsz3672769096/jpg/thumbs/00000001.jpg"$"Komplett"$"Original"$"Standard"$"Einzelseite"$""$""$"Württembergische Landesbibliothek Stuttgart"$"https://d-nb.info/gnd/40657-0"$"Stuttgart"$"https://d-nb.info/gnd/4058282-6"$"Württembergische Landesbibliothek Stuttgart"$"https://d-nb.info/gnd/40657-0"$"Stuttgart"$"https://d-nb.info/gnd/4058282-6"
"374"$"Cod. theol. et phil. 4° 648"$""$"https://digital.wlb-stuttgart.de/purl/bsz416245498"$"https://digital.wlb-stuttgart.de/content/urn:nbn:de:bsz:24-digibib-bsz4162454980/jpg/thumbs/00000001.jpg"$"Komplett"$"Original"$"Standard"$"Einzelseite"$""$""$"Württembergische Landesbibliothek Stuttgart"$"https://d-nb.info/gnd/40657-0"$"Stuttgart"$"https://d-nb.info/gnd/4058282-6"$"Württembergische Landesbibliothek Stuttgart"$"https://d-nb.info/gnd/40657-0"$"Stuttgart"$"https://d-nb.info/gnd/4058282-6"
"375"$"Cod. theol. et phil. 4° 654"$""$"https://digital.wlb-stuttgart.de/purl/bsz416949487"$"https://digital.wlb-stuttgart.de/content/urn:nbn:de:bsz:24-digibib-bsz4169494875/jpg/thumbs/00000001.jpg"$"Komplett"$"Original"$"Standard"$"Einzelseite"$""$""$"Württembergische Landesbibliothek Stuttgart"$"https://d-nb.info/gnd/40657-0"$"Stuttgart"$"https://d-nb.info/gnd/4058282-6"$"Württembergische Landesbibliothek Stuttgart"$"https://d-nb.info/gnd/40657-0"$"Stuttgart"$"https://d-nb.info/gnd/4058282-6"
"376"$"Cod. theol. et phil. 4° 66"$""$"https://digital.wlb-stuttgart.de/purl/kxp1735727385"$"https://digital.wlb-stuttgart.de/content/urn:nbn:de:bsz:24-digibib-kxp17357273850/jpg/thumbs/00000001.jpg"$"Komplett"$"Original"$"Standard"$"Einzelseite"$""$""$"Württembergische Landesbibliothek Stuttgart"$"https://d-nb.info/gnd/40657-0"$"Stuttgart"$"https://d-nb.info/gnd/4058282-6"$"Württembergische Landesbibliothek Stuttgart"$"https://d-nb.info/gnd/40657-0"$"Stuttgart"$"https://d-nb.info/gnd/4058282-6"
"377"$"Cod. theol. et phil. 4° 69"$""$"https://digital.wlb-stuttgart.de/purl/kxp1735729108"$"https://digital.wlb-stuttgart.de/content/urn:nbn:de:bsz:24-digibib-kxp17357291087/jpg/thumbs/00000001.jpg"$"Komplett"$"Original"$"Standard"$"Einzelseite"$""$""$"Württembergische Landesbibliothek Stuttgart"$"https://d-nb.info/gnd/40657-0"$"Stuttgart"$"https://d-nb.info/gnd/4058282-6"$"Württembergische Landesbibliothek Stuttgart"$"https://d-nb.info/gnd/40657-0"$"Stuttgart"$"https://d-nb.info/gnd/4058282-6"
"378"$"Cod. theol. et phil. 4° 74"$""$"https://digital.wlb-stuttgart.de/purl/bsz379056429"$"https://digital.wlb-stuttgart.de/content/urn:nbn:de:bsz:24-digibib-bsz3790564294/jpg/thumbs/00000001.jpg"$"Komplett"$"Original"$"Standard"$"Einzelseite"$""$""$"Württembergische Landesbibliothek Stuttgart"$"https://d-nb.info/gnd/40657-0"$"Stuttgart"$"https://d-nb.info/gnd/4058282-6"$"Württembergische Landesbibliothek Stuttgart"$"https://d-nb.info/gnd/40657-0"$"Stuttgart"$"https://d-nb.info/gnd/4058282-6"
"379"$"Cod. theol. et phil. 4° 77"$""$"https://digital.wlb-stuttgart.de/purl/bsz410303712"$"https://digital.wlb-stuttgart.de/content/urn:nbn:de:bsz:24-digibib-bsz4103037127/jpg/thumbs/00000001.jpg"$"Komplett"$"Original"$"Standard"$"Einzelseite"$""$""$"Württembergische Landesbibliothek Stuttgart"$"https://d-nb.info/gnd/40657-0"$"Stuttgart"$"https://d-nb.info/gnd/4058282-6"$"Württembergische Landesbibliothek Stuttgart"$"https://d-nb.info/gnd/40657-0"$"Stuttgart"$"https://d-nb.info/gnd/4058282-6"
"380"$"Cod. theol. et phil. 4° 81"$""$"https://digital.wlb-stuttgart.de/purl/bsz493411720"$"https://digital.wlb-stuttgart.de/content/urn:nbn:de:bsz:24-digibib-bsz4934117200/jpg/thumbs/00000001.jpg"$"Komplett"$"Original"$"Standard"$"Einzelseite"$""$""$"Württembergische Landesbibliothek Stuttgart"$"https://d-nb.info/gnd/40657-0"$"Stuttgart"$"https://d-nb.info/gnd/4058282-6"$"Württembergische Landesbibliothek Stuttgart"$"https://d-nb.info/gnd/40657-0"$"Stuttgart"$"https://d-nb.info/gnd/4058282-6"
"381"$"Cod. theol. et phil. 4° 98"$""$"https://digital.wlb-stuttgart.de/purl/bsz378568434"$"https://digital.wlb-stuttgart.de/content/urn:nbn:de:bsz:24-digibib-bsz3785684346/jpg/thumbs/00000001.jpg"$"Komplett"$"Original"$"Standard"$"Einzelseite"$""$""$"Württembergische Landesbibliothek Stuttgart"$"https://d-nb.info/gnd/40657-0"$"Stuttgart"$"https://d-nb.info/gnd/4058282-6"$"Württembergische Landesbibliothek Stuttgart"$"https://d-nb.info/gnd/40657-0"$"Stuttgart"$"https://d-nb.info/gnd/4058282-6"
"382"$"Cod. theol. et phil. 8° 11"$""$"https://digital.wlb-stuttgart.de/purl/bsz367279819"$"https://digital.wlb-stuttgart.de/content/urn:nbn:de:bsz:24-digibib-bsz3672798198/jpg/thumbs/00000001.jpg"$"Komplett"$"Original"$"Standard"$"Einzelseite"$""$""$"Württembergische Landesbibliothek Stuttgart"$"https://d-nb.info/gnd/40657-0"$"Stuttgart"$"https://d-nb.info/gnd/4058282-6"$"Württembergische Landesbibliothek Stuttgart"$"https://d-nb.info/gnd/40657-0"$"Stuttgart"$"https://d-nb.info/gnd/4058282-6"
"383"$"Cod. theol. et phil. 8° 140"$""$"https://digital.wlb-stuttgart.de/purl/kxp1685935583"$"https://digital.wlb-stuttgart.de/content/urn:nbn:de:bsz:24-digibib-kxp16859355839/jpg/thumbs/00000001.jpg"$"Komplett"$"Original"$"Standard"$"Einzelseite"$""$""$"Württembergische Landesbibliothek Stuttgart"$"https://d-nb.info/gnd/40657-0"$"Stuttgart"$"https://d-nb.info/gnd/4058282-6"$"Württembergische Landesbibliothek Stuttgart"$"https://d-nb.info/gnd/40657-0"$"Stuttgart"$"https://d-nb.info/gnd/4058282-6"
"384"$"Cod. theol. et phil. 8° 157"$""$"https://digital.wlb-stuttgart.de/purl/bsz467803374"$"https://digital.wlb-stuttgart.de/content/urn:nbn:de:bsz:24-digibib-bsz4678033743/jpg/thumbs/00000001.jpg"$"Komplett"$"Original"$"Standard"$"Einzelseite"$""$""$"Württembergische Landesbibliothek Stuttgart"$"https://d-nb.info/gnd/40657-0"$"Stuttgart"$"https://d-nb.info/gnd/4058282-6"$"Württembergische Landesbibliothek Stuttgart"$"https://d-nb.info/gnd/40657-0"$"Stuttgart"$"https://d-nb.info/gnd/4058282-6"
"385"$"Cod. theol. et phil. 8° 168"$""$"https://digital.wlb-stuttgart.de/purl/bsz468940014"$"https://digital.wlb-stuttgart.de/content/urn:nbn:de:bsz:24-digibib-bsz4689400147/jpg/thumbs/00000001.jpg"$"Komplett"$"Original"$"Standard"$"Einzelseite"$""$""$"Württembergische Landesbibliothek Stuttgart"$"https://d-nb.info/gnd/40657-0"$"Stuttgart"$"https://d-nb.info/gnd/4058282-6"$"Württembergische Landesbibliothek Stuttgart"$"https://d-nb.info/gnd/40657-0"$"Stuttgart"$"https://d-nb.info/gnd/4058282-6"
"386"$"Cod. theol. et phil. 8° 18"$""$"https://digital.wlb-stuttgart.de/purl/bsz378565214"$"https://digital.wlb-stuttgart.de/content/urn:nbn:de:bsz:24-digibib-bsz3785652148/jpg/thumbs/00000001.jpg"$"Komplett"$"Original"$"Standard"$"Einzelseite"$""$""$"Württembergische Landesbibliothek Stuttgart"$"https://d-nb.info/gnd/40657-0"$"Stuttgart"$"https://d-nb.info/gnd/4058282-6"$"Württembergische Landesbibliothek Stuttgart"$"https://d-nb.info/gnd/40657-0"$"Stuttgart"$"https://d-nb.info/gnd/4058282-6"
"387"$"Cod. theol. et phil. 8° 180"$""$"https://digital.wlb-stuttgart.de/purl/kxp1777279941"$"https://digital.wlb-stuttgart.de/content/urn:nbn:de:bsz:24-digibib-kxp17772799417/jpg/thumbs/00000001.jpg"$"Komplett"$"Original"$"Standard"$"Einzelseite"$""$""$"Württembergische Landesbibliothek Stuttgart"$"https://d-nb.info/gnd/40657-0"$"Stuttgart"$"https://d-nb.info/gnd/4058282-6"$"Württembergische Landesbibliothek Stuttgart"$"https://d-nb.info/gnd/40657-0"$"Stuttgart"$"https://d-nb.info/gnd/4058282-6"
"388"$"Cod. theol. et phil. 8° 19"$""$"https://digital.wlb-stuttgart.de/purl/bsz416249043"$"https://digital.wlb-stuttgart.de/content/urn:nbn:de:bsz:24-digibib-bsz4162490437/jpg/thumbs/00000001.jpg"$"Komplett"$"Original"$"Standard"$"Einzelseite"$""$""$"Württembergische Landesbibliothek Stuttgart"$"https://d-nb.info/gnd/40657-0"$"Stuttgart"$"https://d-nb.info/gnd/4058282-6"$"Württembergische Landesbibliothek Stuttgart"$"https://d-nb.info/gnd/40657-0"$"Stuttgart"$"https://d-nb.info/gnd/4058282-6"
"389"$"Cod. theol. et phil. 8° 212"$""$"https://digital.wlb-stuttgart.de/purl/bsz427201691"$"https://digital.wlb-stuttgart.de/content/urn:nbn:de:bsz:24-digibib-bsz4272016918/jpg/thumbs/00000001.jpg"$"Komplett"$"Original"$"Standard"$"Einzelseite"$""$""$"Württembergische Landesbibliothek Stuttgart"$"https://d-nb.info/gnd/40657-0"$"Stuttgart"$"https://d-nb.info/gnd/4058282-6"$"Württembergische Landesbibliothek Stuttgart"$"https://d-nb.info/gnd/40657-0"$"Stuttgart"$"https://d-nb.info/gnd/4058282-6"
"390"$"Cod. theol. et phil. 8° 238"$""$"https://digital.wlb-stuttgart.de/purl/bsz496581678"$"https://digital.wlb-stuttgart.de/content/urn:nbn:de:bsz:24-digibib-bsz4965816789/jpg/thumbs/00000001.jpg"$"Komplett"$"Original"$"Standard"$"Einzelseite"$""$""$"Württembergische Landesbibliothek Stuttgart"$"https://d-nb.info/gnd/40657-0"$"Stuttgart"$"https://d-nb.info/gnd/4058282-6"$"Württembergische Landesbibliothek Stuttgart"$"https://d-nb.info/gnd/40657-0"$"Stuttgart"$"https://d-nb.info/gnd/4058282-6"
"391"$"Cod. theol. et phil. 8° 24"$""$"https://digital.wlb-stuttgart.de/purl/bsz378562215"$"https://digital.wlb-stuttgart.de/content/urn:nbn:de:bsz:24-digibib-bsz3785622151/jpg/thumbs/00000001.jpg"$"Komplett"$"Original"$"Standard"$"Einzelseite"$""$""$"Württembergische Landesbibliothek Stuttgart"$"https://d-nb.info/gnd/40657-0"$"Stuttgart"$"https://d-nb.info/gnd/4058282-6"$"Württembergische Landesbibliothek Stuttgart"$"https://d-nb.info/gnd/40657-0"$"Stuttgart"$"https://d-nb.info/gnd/4058282-6"
"392"$"Cod. theol. et phil. 8° 43"$""$"https://digital.wlb-stuttgart.de/purl/kxp1729837085"$"https://digital.wlb-stuttgart.de/content/urn:nbn:de:bsz:24-digibib-kxp17298370855/jpg/thumbs/00000001.jpg"$"Komplett"$"Original"$"Standard"$"Einzelseite"$""$""$"Württembergische Landesbibliothek Stuttgart"$"https://d-nb.info/gnd/40657-0"$"Stuttgart"$"https://d-nb.info/gnd/4058282-6"$"Württembergische Landesbibliothek Stuttgart"$"https://d-nb.info/gnd/40657-0"$"Stuttgart"$"https://d-nb.info/gnd/4058282-6"
"393"$"Cod. theol. et phil. 8° 51"$""$"https://digital.wlb-stuttgart.de/purl/kxp1751888657"$"https://digital.wlb-stuttgart.de/content/urn:nbn:de:bsz:24-digibib-kxp17518886570/jpg/thumbs/00000001.jpg"$"Komplett"$"Original"$"Standard"$"Einzelseite"$""$""$"Württembergische Landesbibliothek Stuttgart"$"https://d-nb.info/gnd/40657-0"$"Stuttgart"$"https://d-nb.info/gnd/4058282-6"$"Württembergische Landesbibliothek Stuttgart"$"https://d-nb.info/gnd/40657-0"$"Stuttgart"$"https://d-nb.info/gnd/4058282-6"
"394"$"HB I 109"$""$"https://digital.wlb-stuttgart.de/purl/bsz393648516"$"https://digital.wlb-stuttgart.de/content/urn:nbn:de:bsz:24-digibib-bsz3936485169/jpg/thumbs/00000001.jpg"$"Komplett"$"Original"$"Standard"$"Einzelseite"$""$""$"Württembergische Landesbibliothek Stuttgart"$"https://d-nb.info/gnd/40657-0"$"Stuttgart"$"https://d-nb.info/gnd/4058282-6"$"Württembergische Landesbibliothek Stuttgart"$"https://d-nb.info/gnd/40657-0"$"Stuttgart"$"https://d-nb.info/gnd/4058282-6"
"395"$"HB I 112"$""$"https://digital.wlb-stuttgart.de/purl/bsz393652823"$"https://digital.wlb-stuttgart.de/content/urn:nbn:de:bsz:24-digibib-bsz3936528237/jpg/thumbs/00000003.jpg"$"Komplett"$"Original"$"Standard"$"Einzelseite"$""$""$"Württembergische Landesbibliothek Stuttgart"$"https://d-nb.info/gnd/40657-0"$"Stuttgart"$"https://d-nb.info/gnd/4058282-6"$"Württembergische Landesbibliothek Stuttgart"$"https://d-nb.info/gnd/40657-0"$"Stuttgart"$"https://d-nb.info/gnd/4058282-6"
"396"$"HB I 145"$""$"https://digital.wlb-stuttgart.de/purl/kxp1795335734"$"https://digital.wlb-stuttgart.de/content/urn:nbn:de:bsz:24-digibib-kxp17953357345/jpg/thumbs/00000001.jpg"$"Komplett"$"Original"$"Standard"$"Einzelseite"$""$""$"Württembergische Landesbibliothek Stuttgart"$"https://d-nb.info/gnd/40657-0"$"Stuttgart"$"https://d-nb.info/gnd/4058282-6"$"Württembergische Landesbibliothek Stuttgart"$"https://d-nb.info/gnd/40657-0"$"Stuttgart"$"https://d-nb.info/gnd/4058282-6"
"397"$"HB I 158"$""$"https://digital.wlb-stuttgart.de/purl/kxp1762798131"$"https://digital.wlb-stuttgart.de/content/urn:nbn:de:bsz:24-digibib-kxp17627981313/jpg/thumbs/00000007.jpg"$"Komplett"$"Original"$"Standard"$"Einzelseite"$""$""$"Württembergische Landesbibliothek Stuttgart"$"https://d-nb.info/gnd/40657-0"$"Stuttgart"$"https://d-nb.info/gnd/4058282-6"$"Württembergische Landesbibliothek Stuttgart"$"https://d-nb.info/gnd/40657-0"$"Stuttgart"$"https://d-nb.info/gnd/4058282-6"
"398"$"HB I 174"$""$"https://digital.wlb-stuttgart.de/purl/bsz349892830"$"https://digital.wlb-stuttgart.de/content/urn:nbn:de:bsz:24-digibib-bsz3498928308/jpg/thumbs/00000001.jpg"$"Komplett"$"Original"$"Standard"$"Einzelseite"$""$""$"Württembergische Landesbibliothek Stuttgart"$"https://d-nb.info/gnd/40657-0"$"Stuttgart"$"https://d-nb.info/gnd/4058282-6"$"Württembergische Landesbibliothek Stuttgart"$"https://d-nb.info/gnd/40657-0"$"Stuttgart"$"https://d-nb.info/gnd/4058282-6"
"399"$"HB I 175"$""$"https://digital.wlb-stuttgart.de/purl/bsz330038095"$"https://digital.wlb-stuttgart.de/content/urn:nbn:de:bsz:24-digibib-bsz3300380957/jpg/thumbs/00000001.jpg"$"Komplett"$"Original"$"Standard"$"Einzelseite"$""$""$"Württembergische Landesbibliothek Stuttgart"$"https://d-nb.info/gnd/40657-0"$"Stuttgart"$"https://d-nb.info/gnd/4058282-6"$"Württembergische Landesbibliothek Stuttgart"$"https://d-nb.info/gnd/40657-0"$"Stuttgart"$"https://d-nb.info/gnd/4058282-6"
"400"$"HB I 184"$""$"https://digital.wlb-stuttgart.de/purl/kxp1751886182"$"https://digital.wlb-stuttgart.de/content/urn:nbn:de:bsz:24-digibib-kxp17518861824/jpg/thumbs/00000001.jpg"$"Komplett"$"Original"$"Standard"$"Einzelseite"$""$""$"Württembergische Landesbibliothek Stuttgart"$"https://d-nb.info/gnd/40657-0"$"Stuttgart"$"https://d-nb.info/gnd/4058282-6"$"Württembergische Landesbibliothek Stuttgart"$"https://d-nb.info/gnd/40657-0"$"Stuttgart"$"https://d-nb.info/gnd/4058282-6"
"401"$"HB I 2"$""$"https://digital.wlb-stuttgart.de/purl/bsz325683743"$"https://digital.wlb-stuttgart.de/content/urn:nbn:de:bsz:24-digibib-bsz3256837435/jpg/thumbs/00000001.jpg"$"Komplett"$"Original"$"Standard"$"Einzelseite"$""$""$"Württembergische Landesbibliothek Stuttgart"$"https://d-nb.info/gnd/40657-0"$"Stuttgart"$"https://d-nb.info/gnd/4058282-6"$"Württembergische Landesbibliothek Stuttgart"$"https://d-nb.info/gnd/40657-0"$"Stuttgart"$"https://d-nb.info/gnd/4058282-6"
"402"$"HB I 240"$""$"https://digital.wlb-stuttgart.de/purl/bsz39309524X"$"https://digital.wlb-stuttgart.de/content/urn:nbn:de:bsz:24-digibib-bsz39309524X9/jpg/thumbs/00000001.jpg"$"Komplett"$"Original"$"Standard"$"Einzelseite"$""$""$"Württembergische Landesbibliothek Stuttgart"$"https://d-nb.info/gnd/40657-0"$"Stuttgart"$"https://d-nb.info/gnd/4058282-6"$"Württembergische Landesbibliothek Stuttgart"$"https://d-nb.info/gnd/40657-0"$"Stuttgart"$"https://d-nb.info/gnd/4058282-6"
"403"$"HB I 246"$""$"https://digital.wlb-stuttgart.de/purl/bsz408950722"$"https://digital.wlb-stuttgart.de/content/urn:nbn:de:bsz:24-digibib-bsz4089507223/jpg/thumbs/00000001.jpg"$"Komplett"$"Original"$"Standard"$"Einzelseite"$""$""$"Württembergische Landesbibliothek Stuttgart"$"https://d-nb.info/gnd/40657-0"$"Stuttgart"$"https://d-nb.info/gnd/4058282-6"$"Württembergische Landesbibliothek Stuttgart"$"https://d-nb.info/gnd/40657-0"$"Stuttgart"$"https://d-nb.info/gnd/4058282-6"
"404"$"HB I 26"$""$"https://digital.wlb-stuttgart.de/purl/bsz368576280"$"https://digital.wlb-stuttgart.de/content/urn:nbn:de:bsz:24-digibib-bsz3685762803/jpg/thumbs/00000001.jpg"$"Komplett"$"Original"$"Standard"$"Einzelseite"$""$""$"Württembergische Landesbibliothek Stuttgart"$"https://d-nb.info/gnd/40657-0"$"Stuttgart"$"https://d-nb.info/gnd/4058282-6"$"Württembergische Landesbibliothek Stuttgart"$"https://d-nb.info/gnd/40657-0"$"Stuttgart"$"https://d-nb.info/gnd/4058282-6"
"405"$"HB I 36"$""$"https://digital.wlb-stuttgart.de/purl/kxp1728486483"$"https://digital.wlb-stuttgart.de/content/urn:nbn:de:bsz:24-digibib-kxp17284864830/jpg/thumbs/00000001.jpg"$"Komplett"$"Original"$"Standard"$"Einzelseite"$""$""$"Württembergische Landesbibliothek Stuttgart"$"https://d-nb.info/gnd/40657-0"$"Stuttgart"$"https://d-nb.info/gnd/4058282-6"$"Württembergische Landesbibliothek Stuttgart"$"https://d-nb.info/gnd/40657-0"$"Stuttgart"$"https://d-nb.info/gnd/4058282-6"
"406"$"HB I 60"$""$"https://digital.wlb-stuttgart.de/purl/bsz384815391"$"https://digital.wlb-stuttgart.de/content/urn:nbn:de:bsz:24-digibib-bsz3848153915/jpg/thumbs/00000001.jpg"$"Komplett"$"Original"$"Standard"$"Einzelseite"$""$""$"Württembergische Landesbibliothek Stuttgart"$"https://d-nb.info/gnd/40657-0"$"Stuttgart"$"https://d-nb.info/gnd/4058282-6"$"Württembergische Landesbibliothek Stuttgart"$"https://d-nb.info/gnd/40657-0"$"Stuttgart"$"https://d-nb.info/gnd/4058282-6"
"407"$"HB I 65"$""$"https://digital.wlb-stuttgart.de/purl/bsz384825036"$"https://digital.wlb-stuttgart.de/content/urn:nbn:de:bsz:24-digibib-bsz3848250361/jpg/thumbs/00000001.jpg"$"Komplett"$"Original"$"Standard"$"Einzelseite"$""$""$"Württembergische Landesbibliothek Stuttgart"$"https://d-nb.info/gnd/40657-0"$"Stuttgart"$"https://d-nb.info/gnd/4058282-6"$"Württembergische Landesbibliothek Stuttgart"$"https://d-nb.info/gnd/40657-0"$"Stuttgart"$"https://d-nb.info/gnd/4058282-6"
"408"$"HB I 85"$""$"https://digital.wlb-stuttgart.de/purl/bsz383849942"$"https://digital.wlb-stuttgart.de/content/urn:nbn:de:bsz:24-digibib-bsz3838499423/jpg/thumbs/00000001.jpg"$"Komplett"$"Original"$"Standard"$"Einzelseite"$""$""$"Württembergische Landesbibliothek Stuttgart"$"https://d-nb.info/gnd/40657-0"$"Stuttgart"$"https://d-nb.info/gnd/4058282-6"$"Württembergische Landesbibliothek Stuttgart"$"https://d-nb.info/gnd/40657-0"$"Stuttgart"$"https://d-nb.info/gnd/4058282-6"
"409"$"HB I 95"$""$"https://digital.wlb-stuttgart.de/purl/bsz339701315"$"https://digital.wlb-stuttgart.de/content/urn:nbn:de:bsz:24-digibib-bsz3397013156/jpg/thumbs/00000001.jpg"$"Komplett"$"Original"$"Standard"$"Einzelseite"$""$""$"Württembergische Landesbibliothek Stuttgart"$"https://d-nb.info/gnd/40657-0"$"Stuttgart"$"https://d-nb.info/gnd/4058282-6"$"Württembergische Landesbibliothek Stuttgart"$"https://d-nb.info/gnd/40657-0"$"Stuttgart"$"https://d-nb.info/gnd/4058282-6"
"410"$"HB I 96"$""$"https://digital.wlb-stuttgart.de/purl/bsz391056913"$"https://digital.wlb-stuttgart.de/content/urn:nbn:de:bsz:24-digibib-bsz3910569130/jpg/thumbs/00000001.jpg"$"Komplett"$"Original"$"Standard"$"Einzelseite"$""$""$"Württembergische Landesbibliothek Stuttgart"$"https://d-nb.info/gnd/40657-0"$"Stuttgart"$"https://d-nb.info/gnd/4058282-6"$"Württembergische Landesbibliothek Stuttgart"$"https://d-nb.info/gnd/40657-0"$"Stuttgart"$"https://d-nb.info/gnd/4058282-6"
"411"$"HB II 16"$""$"https://digital.wlb-stuttgart.de/purl/bsz353338028"$"https://digital.wlb-stuttgart.de/content/urn:nbn:de:bsz:24-digibib-bsz3533380287/jpg/thumbs/00000001.jpg"$"Komplett"$"Original"$"Standard"$"Einzelseite"$""$""$"Württembergische Landesbibliothek Stuttgart"$"https://d-nb.info/gnd/40657-0"$"Stuttgart"$"https://d-nb.info/gnd/4058282-6"$"Württembergische Landesbibliothek Stuttgart"$"https://d-nb.info/gnd/40657-0"$"Stuttgart"$"https://d-nb.info/gnd/4058282-6"
"412"$"HB II 20"$""$"https://digital.wlb-stuttgart.de/purl/bsz366874705"$"https://digital.wlb-stuttgart.de/content/urn:nbn:de:bsz:24-digibib-bsz3668747054/jpg/thumbs/00000001.jpg"$"Komplett"$"Original"$"Standard"$"Einzelseite"$""$""$"Württembergische Landesbibliothek Stuttgart"$"https://d-nb.info/gnd/40657-0"$"Stuttgart"$"https://d-nb.info/gnd/4058282-6"$"Württembergische Landesbibliothek Stuttgart"$"https://d-nb.info/gnd/40657-0"$"Stuttgart"$"https://d-nb.info/gnd/4058282-6"
"413"$"HB II 24"$""$"https://digital.wlb-stuttgart.de/purl/bsz351035532"$"https://digital.wlb-stuttgart.de/content/urn:nbn:de:bsz:24-digibib-bsz3510355328/jpg/thumbs/00000001.jpg"$"Komplett"$"Original"$"Standard"$"Einzelseite"$""$""$"Württembergische Landesbibliothek Stuttgart"$"https://d-nb.info/gnd/40657-0"$"Stuttgart"$"https://d-nb.info/gnd/4058282-6"$"Württembergische Landesbibliothek Stuttgart"$"https://d-nb.info/gnd/40657-0"$"Stuttgart"$"https://d-nb.info/gnd/4058282-6"
"414"$"HB II 25"$""$"https://digital.wlb-stuttgart.de/purl/bsz349916136"$"https://digital.wlb-stuttgart.de/content/urn:nbn:de:bsz:24-digibib-bsz3499161360/jpg/thumbs/00000001.jpg"$"Komplett"$"Original"$"Standard"$"Einzelseite"$""$""$"Württembergische Landesbibliothek Stuttgart"$"https://d-nb.info/gnd/40657-0"$"Stuttgart"$"https://d-nb.info/gnd/4058282-6"$"Württembergische Landesbibliothek Stuttgart"$"https://d-nb.info/gnd/40657-0"$"Stuttgart"$"https://d-nb.info/gnd/4058282-6"
"415"$"HB II 33a"$""$"https://digital.wlb-stuttgart.de/purl/bsz38135069X"$"https://digital.wlb-stuttgart.de/content/urn:nbn:de:bsz:24-digibib-bsz38135069X0/jpg/thumbs/00000001.jpg"$"Komplett"$"Original"$"Standard"$"Einzelseite"$""$""$"Württembergische Landesbibliothek Stuttgart"$"https://d-nb.info/gnd/40657-0"$"Stuttgart"$"https://d-nb.info/gnd/4058282-6"$"Württembergische Landesbibliothek Stuttgart"$"https://d-nb.info/gnd/40657-0"$"Stuttgart"$"https://d-nb.info/gnd/4058282-6"
"416"$"HB II 35"$""$"https://digital.wlb-stuttgart.de/purl/bsz349917310"$"https://digital.wlb-stuttgart.de/content/urn:nbn:de:bsz:24-digibib-bsz3499173103/jpg/thumbs/00000001.jpg"$"Komplett"$"Original"$"Standard"$"Einzelseite"$""$""$"Württembergische Landesbibliothek Stuttgart"$"https://d-nb.info/gnd/40657-0"$"Stuttgart"$"https://d-nb.info/gnd/4058282-6"$"Württembergische Landesbibliothek Stuttgart"$"https://d-nb.info/gnd/40657-0"$"Stuttgart"$"https://d-nb.info/gnd/4058282-6"
"417"$"HB II 40"$""$"https://digital.wlb-stuttgart.de/purl/bsz353342416"$"https://digital.wlb-stuttgart.de/content/urn:nbn:de:bsz:24-digibib-bsz3533424163/jpg/thumbs/00000001.jpg"$"Komplett"$"Original"$"Standard"$"Einzelseite"$""$""$"Württembergische Landesbibliothek Stuttgart"$"https://d-nb.info/gnd/40657-0"$"Stuttgart"$"https://d-nb.info/gnd/4058282-6"$"Württembergische Landesbibliothek Stuttgart"$"https://d-nb.info/gnd/40657-0"$"Stuttgart"$"https://d-nb.info/gnd/4058282-6"
"418"$"HB II 46"$""$"https://digital.wlb-stuttgart.de/purl/bsz343266415"$"https://digital.wlb-stuttgart.de/content/urn:nbn:de:bsz:24-digibib-bsz3432664155/jpg/thumbs/00000001.jpg"$"Komplett"$"Original"$"Standard"$"Einzelseite"$""$""$"Württembergische Landesbibliothek Stuttgart"$"https://d-nb.info/gnd/40657-0"$"Stuttgart"$"https://d-nb.info/gnd/4058282-6"$"Württembergische Landesbibliothek Stuttgart"$"https://d-nb.info/gnd/40657-0"$"Stuttgart"$"https://d-nb.info/gnd/4058282-6"
"419"$"HB II 54"$""$"https://digital.wlb-stuttgart.de/purl/bsz349887195"$"https://digital.wlb-stuttgart.de/content/urn:nbn:de:bsz:24-digibib-bsz3498871954/jpg/thumbs/00000001.jpg"$"Komplett"$"Original"$"Standard"$"Einzelseite"$""$""$"Württembergische Landesbibliothek Stuttgart"$"https://d-nb.info/gnd/40657-0"$"Stuttgart"$"https://d-nb.info/gnd/4058282-6"$"Württembergische Landesbibliothek Stuttgart"$"https://d-nb.info/gnd/40657-0"$"Stuttgart"$"https://d-nb.info/gnd/4058282-6"
"420"$"HB III 35"$""$"https://digital.wlb-stuttgart.de/purl/bsz516452665"$"https://digital.wlb-stuttgart.de/content/urn:nbn:de:bsz:24-digibib-bsz5164526658/jpg/thumbs/00000001.jpg"$"Komplett"$"Original"$"Standard"$"Einzelseite"$""$""$"Württembergische Landesbibliothek Stuttgart"$"https://d-nb.info/gnd/40657-0"$"Stuttgart"$"https://d-nb.info/gnd/4058282-6"$"Württembergische Landesbibliothek Stuttgart"$"https://d-nb.info/gnd/40657-0"$"Stuttgart"$"https://d-nb.info/gnd/4058282-6"
"421"$"HB III 53"$""$"https://digital.wlb-stuttgart.de/purl/bsz486127427"$"https://digital.wlb-stuttgart.de/content/urn:nbn:de:bsz:24-digibib-bsz4861274276/jpg/thumbs/00000001.jpg"$"Komplett"$"Original"$"Standard"$"Einzelseite"$""$""$"Württembergische Landesbibliothek Stuttgart"$"https://d-nb.info/gnd/40657-0"$"Stuttgart"$"https://d-nb.info/gnd/4058282-6"$"Württembergische Landesbibliothek Stuttgart"$"https://d-nb.info/gnd/40657-0"$"Stuttgart"$"https://d-nb.info/gnd/4058282-6"
"422"$"HB IV 23"$""$"https://digital.wlb-stuttgart.de/purl/bsz381341534"$"https://digital.wlb-stuttgart.de/content/urn:nbn:de:bsz:24-digibib-bsz3813415342/jpg/thumbs/00000001.jpg"$"Komplett"$"Original"$"Standard"$"Einzelseite"$""$""$"Württembergische Landesbibliothek Stuttgart"$"https://d-nb.info/gnd/40657-0"$"Stuttgart"$"https://d-nb.info/gnd/4058282-6"$"Württembergische Landesbibliothek Stuttgart"$"https://d-nb.info/gnd/40657-0"$"Stuttgart"$"https://d-nb.info/gnd/4058282-6"
"423"$"HB IV 26"$""$"https://digital.wlb-stuttgart.de/purl/bsz408874120"$"https://digital.wlb-stuttgart.de/content/urn:nbn:de:bsz:24-digibib-bsz4088741201/jpg/thumbs/00000001.jpg"$"Komplett"$"Original"$"Standard"$"Einzelseite"$""$""$"Württembergische Landesbibliothek Stuttgart"$"https://d-nb.info/gnd/40657-0"$"Stuttgart"$"https://d-nb.info/gnd/4058282-6"$"Württembergische Landesbibliothek Stuttgart"$"https://d-nb.info/gnd/40657-0"$"Stuttgart"$"https://d-nb.info/gnd/4058282-6"
"424"$"HB IV 32"$""$"https://digital.wlb-stuttgart.de/purl/bsz366894870"$"https://digital.wlb-stuttgart.de/content/urn:nbn:de:bsz:24-digibib-bsz3668948706/jpg/thumbs/00000001.jpg"$"Komplett"$"Original"$"Standard"$"Einzelseite"$""$""$"Württembergische Landesbibliothek Stuttgart"$"https://d-nb.info/gnd/40657-0"$"Stuttgart"$"https://d-nb.info/gnd/4058282-6"$"Württembergische Landesbibliothek Stuttgart"$"https://d-nb.info/gnd/40657-0"$"Stuttgart"$"https://d-nb.info/gnd/4058282-6"
"425"$"HB V 1"$""$"https://digital.wlb-stuttgart.de/purl/bsz485980991"$"https://digital.wlb-stuttgart.de/content/urn:nbn:de:bsz:24-digibib-bsz4859809918/jpg/thumbs/00000001.jpg"$"Komplett"$"Original"$"Standard"$"Einzelseite"$""$""$"Württembergische Landesbibliothek Stuttgart"$"https://d-nb.info/gnd/40657-0"$"Stuttgart"$"https://d-nb.info/gnd/4058282-6"$"Württembergische Landesbibliothek Stuttgart"$"https://d-nb.info/gnd/40657-0"$"Stuttgart"$"https://d-nb.info/gnd/4058282-6"
"426"$"HB V 10"$""$"https://digital.wlb-stuttgart.de/purl/bsz411896237"$"https://digital.wlb-stuttgart.de/content/urn:nbn:de:bsz:24-digibib-bsz4118962374/jpg/thumbs/00000001.jpg"$"Komplett"$"Original"$"Standard"$"Einzelseite"$""$""$"Württembergische Landesbibliothek Stuttgart"$"https://d-nb.info/gnd/40657-0"$"Stuttgart"$"https://d-nb.info/gnd/4058282-6"$"Württembergische Landesbibliothek Stuttgart"$"https://d-nb.info/gnd/40657-0"$"Stuttgart"$"https://d-nb.info/gnd/4058282-6"
"427"$"HB V 11"$""$"https://digital.wlb-stuttgart.de/purl/kxp1681675323"$"https://digital.wlb-stuttgart.de/content/urn:nbn:de:bsz:24-digibib-kxp16816753234/jpg/thumbs/00000001.jpg"$"Komplett"$"Original"$"Standard"$"Einzelseite"$""$""$"Württembergische Landesbibliothek Stuttgart"$"https://d-nb.info/gnd/40657-0"$"Stuttgart"$"https://d-nb.info/gnd/4058282-6"$"Württembergische Landesbibliothek Stuttgart"$"https://d-nb.info/gnd/40657-0"$"Stuttgart"$"https://d-nb.info/gnd/4058282-6"
"428"$"HB V 12"$""$"https://digital.wlb-stuttgart.de/purl/bsz411896504"$"https://digital.wlb-stuttgart.de/content/urn:nbn:de:bsz:24-digibib-bsz4118965040/jpg/thumbs/00000001.jpg"$"Komplett"$"Original"$"Standard"$"Einzelseite"$""$""$"Württembergische Landesbibliothek Stuttgart"$"https://d-nb.info/gnd/40657-0"$"Stuttgart"$"https://d-nb.info/gnd/4058282-6"$"Württembergische Landesbibliothek Stuttgart"$"https://d-nb.info/gnd/40657-0"$"Stuttgart"$"https://d-nb.info/gnd/4058282-6"
"429"$"HB V 13"$""$"https://digital.wlb-stuttgart.de/purl/kxp1681676303"$"https://digital.wlb-stuttgart.de/content/urn:nbn:de:bsz:24-digibib-kxp16816763038/jpg/thumbs/00000001.jpg"$"Komplett"$"Original"$"Standard"$"Einzelseite"$""$""$"Württembergische Landesbibliothek Stuttgart"$"https://d-nb.info/gnd/40657-0"$"Stuttgart"$"https://d-nb.info/gnd/4058282-6"$"Württembergische Landesbibliothek Stuttgart"$"https://d-nb.info/gnd/40657-0"$"Stuttgart"$"https://d-nb.info/gnd/4058282-6"
"430"$"HB V 14"$""$"https://digital.wlb-stuttgart.de/purl/kxp1681678578"$"https://digital.wlb-stuttgart.de/content/urn:nbn:de:bsz:24-digibib-kxp16816785780/jpg/thumbs/00000001.jpg"$"Komplett"$"Original"$"Standard"$"Einzelseite"$""$""$"Württembergische Landesbibliothek Stuttgart"$"https://d-nb.info/gnd/40657-0"$"Stuttgart"$"https://d-nb.info/gnd/4058282-6"$"Württembergische Landesbibliothek Stuttgart"$"https://d-nb.info/gnd/40657-0"$"Stuttgart"$"https://d-nb.info/gnd/4058282-6"
"431"$"HB V 15"$""$"https://digital.wlb-stuttgart.de/purl/kxp1681680475"$"https://digital.wlb-stuttgart.de/content/urn:nbn:de:bsz:24-digibib-kxp16816804757/jpg/thumbs/00000001.jpg"$"Komplett"$"Original"$"Standard"$"Einzelseite"$""$""$"Württembergische Landesbibliothek Stuttgart"$"https://d-nb.info/gnd/40657-0"$"Stuttgart"$"https://d-nb.info/gnd/4058282-6"$"Württembergische Landesbibliothek Stuttgart"$"https://d-nb.info/gnd/40657-0"$"Stuttgart"$"https://d-nb.info/gnd/4058282-6"
"432"$"HB V 15a"$""$"https://digital.wlb-stuttgart.de/purl/kxp1681681749"$"https://digital.wlb-stuttgart.de/content/urn:nbn:de:bsz:24-digibib-kxp16816817492/jpg/thumbs/00000001.jpg"$"Komplett"$"Original"$"Standard"$"Einzelseite"$""$""$"Württembergische Landesbibliothek Stuttgart"$"https://d-nb.info/gnd/40657-0"$"Stuttgart"$"https://d-nb.info/gnd/4058282-6"$"Württembergische Landesbibliothek Stuttgart"$"https://d-nb.info/gnd/40657-0"$"Stuttgart"$"https://d-nb.info/gnd/4058282-6"
"433"$"HB V 16"$""$"https://digital.wlb-stuttgart.de/purl/kxp1681682605"$"https://digital.wlb-stuttgart.de/content/urn:nbn:de:bsz:24-digibib-kxp16816826054/jpg/thumbs/00000001.jpg"$"Komplett"$"Original"$"Standard"$"Einzelseite"$""$""$"Württembergische Landesbibliothek Stuttgart"$"https://d-nb.info/gnd/40657-0"$"Stuttgart"$"https://d-nb.info/gnd/4058282-6"$"Württembergische Landesbibliothek Stuttgart"$"https://d-nb.info/gnd/40657-0"$"Stuttgart"$"https://d-nb.info/gnd/4058282-6"
"434"$"HB V 17"$""$"https://digital.wlb-stuttgart.de/purl/kxp168168392X"$"https://digital.wlb-stuttgart.de/content/urn:nbn:de:bsz:24-digibib-kxp168168392X1/jpg/thumbs/00000001.jpg"$"Komplett"$"Original"$"Standard"$"Einzelseite"$""$""$"Württembergische Landesbibliothek Stuttgart"$"https://d-nb.info/gnd/40657-0"$"Stuttgart"$"https://d-nb.info/gnd/4058282-6"$"Württembergische Landesbibliothek Stuttgart"$"https://d-nb.info/gnd/40657-0"$"Stuttgart"$"https://d-nb.info/gnd/4058282-6"
"435"$"HB V 2"$""$"https://digital.wlb-stuttgart.de/purl/kxp1681646714"$"https://digital.wlb-stuttgart.de/content/urn:nbn:de:bsz:24-digibib-kxp16816467140/jpg/thumbs/00000001.jpg"$"Komplett"$"Original"$"Standard"$"Einzelseite"$""$""$"Württembergische Landesbibliothek Stuttgart"$"https://d-nb.info/gnd/40657-0"$"Stuttgart"$"https://d-nb.info/gnd/4058282-6"$"Württembergische Landesbibliothek Stuttgart"$"https://d-nb.info/gnd/40657-0"$"Stuttgart"$"https://d-nb.info/gnd/4058282-6"
"436"$"HB V 20"$""$"https://digital.wlb-stuttgart.de/purl/bsz325684618"$"https://digital.wlb-stuttgart.de/content/urn:nbn:de:bsz:24-digibib-bsz3256846182/jpg/thumbs/00000001.jpg"$"Komplett"$"Original"$"Standard"$"Einzelseite"$""$""$"Württembergische Landesbibliothek Stuttgart"$"https://d-nb.info/gnd/40657-0"$"Stuttgart"$"https://d-nb.info/gnd/4058282-6"$"Württembergische Landesbibliothek Stuttgart"$"https://d-nb.info/gnd/40657-0"$"Stuttgart"$"https://d-nb.info/gnd/4058282-6"
"437"$"HB V 22"$""$"https://digital.wlb-stuttgart.de/purl/bsz393684989"$"https://digital.wlb-stuttgart.de/content/urn:nbn:de:bsz:24-digibib-bsz3936849896/jpg/thumbs/00000001.jpg"$"Komplett"$"Original"$"Standard"$"Einzelseite"$""$""$"Württembergische Landesbibliothek Stuttgart"$"https://d-nb.info/gnd/40657-0"$"Stuttgart"$"https://d-nb.info/gnd/4058282-6"$"Württembergische Landesbibliothek Stuttgart"$"https://d-nb.info/gnd/40657-0"$"Stuttgart"$"https://d-nb.info/gnd/4058282-6"
"438"$"HB V 25"$""$"https://digital.wlb-stuttgart.de/purl/bsz455644543"$"https://digital.wlb-stuttgart.de/content/urn:nbn:de:bsz:24-digibib-bsz4556445436/jpg/thumbs/00000001.jpg"$"Komplett"$"Original"$"Standard"$"Einzelseite"$""$""$"Württembergische Landesbibliothek Stuttgart"$"https://d-nb.info/gnd/40657-0"$"Stuttgart"$"https://d-nb.info/gnd/4058282-6"$"Württembergische Landesbibliothek Stuttgart"$"https://d-nb.info/gnd/40657-0"$"Stuttgart"$"https://d-nb.info/gnd/4058282-6"
"439"$"HB V 3"$""$"https://digital.wlb-stuttgart.de/purl/bsz41189160X"$"https://digital.wlb-stuttgart.de/content/urn:nbn:de:bsz:24-digibib-bsz41189160X1/jpg/thumbs/00000001.jpg"$"Komplett"$"Original"$"Standard"$"Einzelseite"$""$""$"Württembergische Landesbibliothek Stuttgart"$"https://d-nb.info/gnd/40657-0"$"Stuttgart"$"https://d-nb.info/gnd/4058282-6"$"Württembergische Landesbibliothek Stuttgart"$"https://d-nb.info/gnd/40657-0"$"Stuttgart"$"https://d-nb.info/gnd/4058282-6"
"440"$"HB V 32"$""$"https://digital.wlb-stuttgart.de/purl/bsz483710156"$"https://digital.wlb-stuttgart.de/content/urn:nbn:de:bsz:24-digibib-bsz4837101566/jpg/thumbs/00000001.jpg"$"Komplett"$"Original"$"Standard"$"Einzelseite"$""$""$"Württembergische Landesbibliothek Stuttgart"$"https://d-nb.info/gnd/40657-0"$"Stuttgart"$"https://d-nb.info/gnd/4058282-6"$"Württembergische Landesbibliothek Stuttgart"$"https://d-nb.info/gnd/40657-0"$"Stuttgart"$"https://d-nb.info/gnd/4058282-6"
"441"$"HB V 33"$""$"https://digital.wlb-stuttgart.de/purl/bsz416241603"$"https://digital.wlb-stuttgart.de/content/urn:nbn:de:bsz:24-digibib-bsz4162416038/jpg/thumbs/00000001.jpg"$"Komplett"$"Original"$"Standard"$"Einzelseite"$""$""$"Württembergische Landesbibliothek Stuttgart"$"https://d-nb.info/gnd/40657-0"$"Stuttgart"$"https://d-nb.info/gnd/4058282-6"$"Württembergische Landesbibliothek Stuttgart"$"https://d-nb.info/gnd/40657-0"$"Stuttgart"$"https://d-nb.info/gnd/4058282-6"
"442"$"HB V 4"$""$"https://digital.wlb-stuttgart.de/purl/bsz411893238"$"https://digital.wlb-stuttgart.de/content/urn:nbn:de:bsz:24-digibib-bsz4118932384/jpg/thumbs/00000001.jpg"$"Komplett"$"Original"$"Standard"$"Einzelseite"$""$""$"Württembergische Landesbibliothek Stuttgart"$"https://d-nb.info/gnd/40657-0"$"Stuttgart"$"https://d-nb.info/gnd/4058282-6"$"Württembergische Landesbibliothek Stuttgart"$"https://d-nb.info/gnd/40657-0"$"Stuttgart"$"https://d-nb.info/gnd/4058282-6"
"443"$"HB V 44"$""$"https://digital.wlb-stuttgart.de/purl/bsz470978392"$"https://digital.wlb-stuttgart.de/content/urn:nbn:de:bsz:24-digibib-bsz4709783920/jpg/thumbs/00000001.jpg"$"Komplett"$"Original"$"Standard"$"Einzelseite"$""$""$"Württembergische Landesbibliothek Stuttgart"$"https://d-nb.info/gnd/40657-0"$"Stuttgart"$"https://d-nb.info/gnd/4058282-6"$"Württembergische Landesbibliothek Stuttgart"$"https://d-nb.info/gnd/40657-0"$"Stuttgart"$"https://d-nb.info/gnd/4058282-6"
"444"$"HB V 49"$""$"https://digital.wlb-stuttgart.de/purl/bsz416998208"$"https://digital.wlb-stuttgart.de/content/urn:nbn:de:bsz:24-digibib-bsz4169982086/jpg/thumbs/00000001.jpg"$"Komplett"$"Original"$"Standard"$"Einzelseite"$""$""$"Württembergische Landesbibliothek Stuttgart"$"https://d-nb.info/gnd/40657-0"$"Stuttgart"$"https://d-nb.info/gnd/4058282-6"$"Württembergische Landesbibliothek Stuttgart"$"https://d-nb.info/gnd/40657-0"$"Stuttgart"$"https://d-nb.info/gnd/4058282-6"
"445"$"HB V 4a"$""$"https://digital.wlb-stuttgart.de/purl/bsz41189417X"$"https://digital.wlb-stuttgart.de/content/urn:nbn:de:bsz:24-digibib-bsz41189417X5/jpg/thumbs/00000001.jpg"$"Komplett"$"Original"$"Standard"$"Einzelseite"$""$""$"Württembergische Landesbibliothek Stuttgart"$"https://d-nb.info/gnd/40657-0"$"Stuttgart"$"https://d-nb.info/gnd/4058282-6"$"Württembergische Landesbibliothek Stuttgart"$"https://d-nb.info/gnd/40657-0"$"Stuttgart"$"https://d-nb.info/gnd/4058282-6"
"446"$"HB V 5"$""$"https://digital.wlb-stuttgart.de/purl/kxp168164889X"$"https://digital.wlb-stuttgart.de/content/urn:nbn:de:bsz:24-digibib-kxp168164889X6/jpg/thumbs/00000001.jpg"$"Komplett"$"Original"$"Standard"$"Einzelseite"$""$""$"Württembergische Landesbibliothek Stuttgart"$"https://d-nb.info/gnd/40657-0"$"Stuttgart"$"https://d-nb.info/gnd/4058282-6"$"Württembergische Landesbibliothek Stuttgart"$"https://d-nb.info/gnd/40657-0"$"Stuttgart"$"https://d-nb.info/gnd/4058282-6"
"447"$"HB V 50"$""$"https://digital.wlb-stuttgart.de/purl/bsz41699976X"$"https://digital.wlb-stuttgart.de/content/urn:nbn:de:bsz:24-digibib-bsz41699976X8/jpg/thumbs/00000001.jpg"$"Komplett"$"Original"$"Standard"$"Einzelseite"$""$""$"Württembergische Landesbibliothek Stuttgart"$"https://d-nb.info/gnd/40657-0"$"Stuttgart"$"https://d-nb.info/gnd/4058282-6"$"Württembergische Landesbibliothek Stuttgart"$"https://d-nb.info/gnd/40657-0"$"Stuttgart"$"https://d-nb.info/gnd/4058282-6"
"448"$"HB V 52"$""$"https://digital.wlb-stuttgart.de/purl/bsz330045024"$"https://digital.wlb-stuttgart.de/content/urn:nbn:de:bsz:24-digibib-bsz3300450240/jpg/thumbs/00000001.jpg"$"Komplett"$"Original"$"Standard"$"Einzelseite"$""$""$"Württembergische Landesbibliothek Stuttgart"$"https://d-nb.info/gnd/40657-0"$"Stuttgart"$"https://d-nb.info/gnd/4058282-6"$"Württembergische Landesbibliothek Stuttgart"$"https://d-nb.info/gnd/40657-0"$"Stuttgart"$"https://d-nb.info/gnd/4058282-6"
"449"$"HB V 6"$""$"https://digital.wlb-stuttgart.de/purl/kxp1681663759"$"https://digital.wlb-stuttgart.de/content/urn:nbn:de:bsz:24-digibib-kxp16816637599/jpg/thumbs/00000001.jpg"$"Komplett"$"Original"$"Standard"$"Einzelseite"$""$""$"Württembergische Landesbibliothek Stuttgart"$"https://d-nb.info/gnd/40657-0"$"Stuttgart"$"https://d-nb.info/gnd/4058282-6"$"Württembergische Landesbibliothek Stuttgart"$"https://d-nb.info/gnd/40657-0"$"Stuttgart"$"https://d-nb.info/gnd/4058282-6"
"450"$"HB V 6a"$""$"https://digital.wlb-stuttgart.de/purl/kxp1681666332"$"https://digital.wlb-stuttgart.de/content/urn:nbn:de:bsz:24-digibib-kxp16816663326/jpg/thumbs/00000001.jpg"$"Komplett"$"Original"$"Standard"$"Einzelseite"$""$""$"Württembergische Landesbibliothek Stuttgart"$"https://d-nb.info/gnd/40657-0"$"Stuttgart"$"https://d-nb.info/gnd/4058282-6"$"Württembergische Landesbibliothek Stuttgart"$"https://d-nb.info/gnd/40657-0"$"Stuttgart"$"https://d-nb.info/gnd/4058282-6"
"451"$"HB V 7"$""$"https://digital.wlb-stuttgart.de/purl/kxp1681668580"$"https://digital.wlb-stuttgart.de/content/urn:nbn:de:bsz:24-digibib-kxp16816685806/jpg/thumbs/00000001.jpg"$"Komplett"$"Original"$"Standard"$"Einzelseite"$""$""$"Württembergische Landesbibliothek Stuttgart"$"https://d-nb.info/gnd/40657-0"$"Stuttgart"$"https://d-nb.info/gnd/4058282-6"$"Württembergische Landesbibliothek Stuttgart"$"https://d-nb.info/gnd/40657-0"$"Stuttgart"$"https://d-nb.info/gnd/4058282-6"
"452"$"HB V 8"$""$"https://digital.wlb-stuttgart.de/purl/bsz411894757"$"https://digital.wlb-stuttgart.de/content/urn:nbn:de:bsz:24-digibib-bsz4118947574/jpg/thumbs/00000001.jpg"$"Komplett"$"Original"$"Standard"$"Einzelseite"$""$""$"Württembergische Landesbibliothek Stuttgart"$"https://d-nb.info/gnd/40657-0"$"Stuttgart"$"https://d-nb.info/gnd/4058282-6"$"Württembergische Landesbibliothek Stuttgart"$"https://d-nb.info/gnd/40657-0"$"Stuttgart"$"https://d-nb.info/gnd/4058282-6"
"453"$"HB V 86"$""$"https://digital.wlb-stuttgart.de/purl/bsz350733023"$"https://digital.wlb-stuttgart.de/content/urn:nbn:de:bsz:24-digibib-bsz3507330232/jpg/thumbs/00000001.jpg"$"Komplett"$"Original"$"Standard"$"Einzelseite"$""$""$"Württembergische Landesbibliothek Stuttgart"$"https://d-nb.info/gnd/40657-0"$"Stuttgart"$"https://d-nb.info/gnd/4058282-6"$"Württembergische Landesbibliothek Stuttgart"$"https://d-nb.info/gnd/40657-0"$"Stuttgart"$"https://d-nb.info/gnd/4058282-6"
"454"$"HB V 9"$""$"https://digital.wlb-stuttgart.de/purl/bsz411895338"$"https://digital.wlb-stuttgart.de/content/urn:nbn:de:bsz:24-digibib-bsz4118953385/jpg/thumbs/00000001.jpg"$"Komplett"$"Original"$"Standard"$"Einzelseite"$""$""$"Württembergische Landesbibliothek Stuttgart"$"https://d-nb.info/gnd/40657-0"$"Stuttgart"$"https://d-nb.info/gnd/4058282-6"$"Württembergische Landesbibliothek Stuttgart"$"https://d-nb.info/gnd/40657-0"$"Stuttgart"$"https://d-nb.info/gnd/4058282-6"
"455"$"HB V 95"$""$"https://digital.wlb-stuttgart.de/purl/bsz343181304"$"https://digital.wlb-stuttgart.de/content/urn:nbn:de:bsz:24-digibib-bsz3431813040/jpg/thumbs/00000001.jpg"$"Komplett"$"Original"$"Standard"$"Einzelseite"$""$""$"Württembergische Landesbibliothek Stuttgart"$"https://d-nb.info/gnd/40657-0"$"Stuttgart"$"https://d-nb.info/gnd/4058282-6"$"Württembergische Landesbibliothek Stuttgart"$"https://d-nb.info/gnd/40657-0"$"Stuttgart"$"https://d-nb.info/gnd/4058282-6"
"456"$"HB V 9a"$""$"https://digital.wlb-stuttgart.de/purl/kxp1681670674"$"https://digital.wlb-stuttgart.de/content/urn:nbn:de:bsz:24-digibib-kxp16816706747/jpg/thumbs/00000001.jpg"$"Komplett"$"Original"$"Standard"$"Einzelseite"$""$""$"Württembergische Landesbibliothek Stuttgart"$"https://d-nb.info/gnd/40657-0"$"Stuttgart"$"https://d-nb.info/gnd/4058282-6"$"Württembergische Landesbibliothek Stuttgart"$"https://d-nb.info/gnd/40657-0"$"Stuttgart"$"https://d-nb.info/gnd/4058282-6"
"457"$"HB V 9b"$""$"https://digital.wlb-stuttgart.de/purl/kxp1681672642"$"https://digital.wlb-stuttgart.de/content/urn:nbn:de:bsz:24-digibib-kxp16816726428/jpg/thumbs/00000001.jpg"$"Komplett"$"Original"$"Standard"$"Einzelseite"$""$""$"Württembergische Landesbibliothek Stuttgart"$"https://d-nb.info/gnd/40657-0"$"Stuttgart"$"https://d-nb.info/gnd/4058282-6"$"Württembergische Landesbibliothek Stuttgart"$"https://d-nb.info/gnd/40657-0"$"Stuttgart"$"https://d-nb.info/gnd/4058282-6"
"458"$"HB VI 103"$""$"https://digital.wlb-stuttgart.de/purl/bsz32578857X"$"https://digital.wlb-stuttgart.de/content/urn:nbn:de:bsz:24-digibib-bsz32578857X5/jpg/thumbs/00000001.jpg"$"Komplett"$"Original"$"Standard"$"Einzelseite"$""$""$"Württembergische Landesbibliothek Stuttgart"$"https://d-nb.info/gnd/40657-0"$"Stuttgart"$"https://d-nb.info/gnd/4058282-6"$"Württembergische Landesbibliothek Stuttgart"$"https://d-nb.info/gnd/40657-0"$"Stuttgart"$"https://d-nb.info/gnd/4058282-6"
"459"$"HB VI 107"$""$"https://digital.wlb-stuttgart.de/purl/bsz38329813X"$"https://digital.wlb-stuttgart.de/content/urn:nbn:de:bsz:24-digibib-bsz38329813X2/jpg/thumbs/00000001.jpg"$"Komplett"$"Original"$"Standard"$"Einzelseite"$""$""$"Württembergische Landesbibliothek Stuttgart"$"https://d-nb.info/gnd/40657-0"$"Stuttgart"$"https://d-nb.info/gnd/4058282-6"$"Württembergische Landesbibliothek Stuttgart"$"https://d-nb.info/gnd/40657-0"$"Stuttgart"$"https://d-nb.info/gnd/4058282-6"
"460"$"HB VI 109"$""$"https://digital.wlb-stuttgart.de/purl/kxp1760006777"$"https://digital.wlb-stuttgart.de/content/urn:nbn:de:bsz:24-digibib-kxp17600067775/jpg/thumbs/00000001.jpg"$"Komplett"$"Original"$"Standard"$"Einzelseite"$""$""$"Württembergische Landesbibliothek Stuttgart"$"https://d-nb.info/gnd/40657-0"$"Stuttgart"$"https://d-nb.info/gnd/4058282-6"$"Württembergische Landesbibliothek Stuttgart"$"https://d-nb.info/gnd/40657-0"$"Stuttgart"$"https://d-nb.info/gnd/4058282-6"
"461"$"HB VI 110"$""$"https://digital.wlb-stuttgart.de/purl/bsz343266539"$"https://digital.wlb-stuttgart.de/content/urn:nbn:de:bsz:24-digibib-bsz3432665391/jpg/thumbs/00000001.jpg"$"Komplett"$"Original"$"Standard"$"Einzelseite"$""$""$"Württembergische Landesbibliothek Stuttgart"$"https://d-nb.info/gnd/40657-0"$"Stuttgart"$"https://d-nb.info/gnd/4058282-6"$"Württembergische Landesbibliothek Stuttgart"$"https://d-nb.info/gnd/40657-0"$"Stuttgart"$"https://d-nb.info/gnd/4058282-6"
"462"$"HB VI 112"$""$"https://digital.wlb-stuttgart.de/purl/bsz42969900X"$"https://digital.wlb-stuttgart.de/content/urn:nbn:de:bsz:24-digibib-bsz42969900X5/jpg/thumbs/00000001.jpg"$"Komplett"$"Original"$"Standard"$"Einzelseite"$""$""$"Württembergische Landesbibliothek Stuttgart"$"https://d-nb.info/gnd/40657-0"$"Stuttgart"$"https://d-nb.info/gnd/4058282-6"$"Württembergische Landesbibliothek Stuttgart"$"https://d-nb.info/gnd/40657-0"$"Stuttgart"$"https://d-nb.info/gnd/4058282-6"
"463"$"HB VI 113"$""$"https://digital.wlb-stuttgart.de/purl/bsz343517760"$"https://digital.wlb-stuttgart.de/content/urn:nbn:de:bsz:24-digibib-bsz3435177605/jpg/thumbs/00000001.jpg"$"Komplett"$"Original"$"Standard"$"Einzelseite"$""$""$"Württembergische Landesbibliothek Stuttgart"$"https://d-nb.info/gnd/40657-0"$"Stuttgart"$"https://d-nb.info/gnd/4058282-6"$"Württembergische Landesbibliothek Stuttgart"$"https://d-nb.info/gnd/40657-0"$"Stuttgart"$"https://d-nb.info/gnd/4058282-6"
"464"$"HB VI 114"$""$"https://digital.wlb-stuttgart.de/purl/kxp1677394684"$"https://digital.wlb-stuttgart.de/content/urn:nbn:de:bsz:24-digibib-kxp16773946842/jpg/thumbs/00000001.jpg"$"Komplett"$"Original"$"Standard"$"Einzelseite"$""$""$"Württembergische Landesbibliothek Stuttgart"$"https://d-nb.info/gnd/40657-0"$"Stuttgart"$"https://d-nb.info/gnd/4058282-6"$"Württembergische Landesbibliothek Stuttgart"$"https://d-nb.info/gnd/40657-0"$"Stuttgart"$"https://d-nb.info/gnd/4058282-6"
"465"$"HB VI 15"$""$"https://digital.wlb-stuttgart.de/purl/bsz414951069"$"https://digital.wlb-stuttgart.de/content/urn:nbn:de:bsz:24-digibib-bsz4149510691/jpg/thumbs/00000001.jpg"$"Komplett"$"Original"$"Standard"$"Einzelseite"$""$""$"Württembergische Landesbibliothek Stuttgart"$"https://d-nb.info/gnd/40657-0"$"Stuttgart"$"https://d-nb.info/gnd/4058282-6"$"Württembergische Landesbibliothek Stuttgart"$"https://d-nb.info/gnd/40657-0"$"Stuttgart"$"https://d-nb.info/gnd/4058282-6"
"466"$"HB VI 35"$""$"https://digital.wlb-stuttgart.de/purl/bsz343515776"$"https://digital.wlb-stuttgart.de/content/urn:nbn:de:bsz:24-digibib-bsz3435157765/jpg/thumbs/00000001.jpg"$"Komplett"$"Original"$"Standard"$"Einzelseite"$""$""$"Württembergische Landesbibliothek Stuttgart"$"https://d-nb.info/gnd/40657-0"$"Stuttgart"$"https://d-nb.info/gnd/4058282-6"$"Württembergische Landesbibliothek Stuttgart"$"https://d-nb.info/gnd/40657-0"$"Stuttgart"$"https://d-nb.info/gnd/4058282-6"
"467"$"HB VI 63"$""$"https://digital.wlb-stuttgart.de/purl/bsz378266063"$"https://digital.wlb-stuttgart.de/content/urn:nbn:de:bsz:24-digibib-bsz3782660630/jpg/thumbs/00000001.jpg"$"Komplett"$"Original"$"Standard"$"Einzelseite"$""$""$"Württembergische Landesbibliothek Stuttgart"$"https://d-nb.info/gnd/40657-0"$"Stuttgart"$"https://d-nb.info/gnd/4058282-6"$"Württembergische Landesbibliothek Stuttgart"$"https://d-nb.info/gnd/40657-0"$"Stuttgart"$"https://d-nb.info/gnd/4058282-6"
"468"$"HB VI 69"$""$"https://digital.wlb-stuttgart.de/purl/bsz393688127"$"https://digital.wlb-stuttgart.de/content/urn:nbn:de:bsz:24-digibib-bsz3936881271/jpg/thumbs/00000001.jpg"$"Komplett"$"Original"$"Standard"$"Einzelseite"$""$""$"Württembergische Landesbibliothek Stuttgart"$"https://d-nb.info/gnd/40657-0"$"Stuttgart"$"https://d-nb.info/gnd/4058282-6"$"Württembergische Landesbibliothek Stuttgart"$"https://d-nb.info/gnd/40657-0"$"Stuttgart"$"https://d-nb.info/gnd/4058282-6"
"469"$"HB VI 99"$""$"https://digital.wlb-stuttgart.de/purl/bsz47705479X"$"https://digital.wlb-stuttgart.de/content/urn:nbn:de:bsz:24-digibib-bsz47705479X1/jpg/thumbs/00000001.jpg"$"Komplett"$"Original"$"Standard"$"Einzelseite"$""$""$"Württembergische Landesbibliothek Stuttgart"$"https://d-nb.info/gnd/40657-0"$"Stuttgart"$"https://d-nb.info/gnd/4058282-6"$"Württembergische Landesbibliothek Stuttgart"$"https://d-nb.info/gnd/40657-0"$"Stuttgart"$"https://d-nb.info/gnd/4058282-6"
"470"$"HB VII 1"$""$"https://digital.wlb-stuttgart.de/purl/bsz429354215"$"https://digital.wlb-stuttgart.de/content/urn:nbn:de:bsz:24-digibib-bsz4293542158/jpg/thumbs/00000001.jpg"$"Komplett"$"Original"$"Standard"$"Einzelseite"$""$""$"Württembergische Landesbibliothek Stuttgart"$"https://d-nb.info/gnd/40657-0"$"Stuttgart"$"https://d-nb.info/gnd/4058282-6"$"Württembergische Landesbibliothek Stuttgart"$"https://d-nb.info/gnd/40657-0"$"Stuttgart"$"https://d-nb.info/gnd/4058282-6"
"471"$"HB VII 12"$""$"https://digital.wlb-stuttgart.de/purl/bsz366840797"$"https://digital.wlb-stuttgart.de/content/urn:nbn:de:bsz:24-digibib-bsz3668407979/jpg/thumbs/00000001.jpg"$"Komplett"$"Original"$"Standard"$"Einzelseite"$""$""$"Württembergische Landesbibliothek Stuttgart"$"https://d-nb.info/gnd/40657-0"$"Stuttgart"$"https://d-nb.info/gnd/4058282-6"$"Württembergische Landesbibliothek Stuttgart"$"https://d-nb.info/gnd/40657-0"$"Stuttgart"$"https://d-nb.info/gnd/4058282-6"
"472"$"HB VII 13"$""$"https://digital.wlb-stuttgart.de/purl/bsz353345512"$"https://digital.wlb-stuttgart.de/content/urn:nbn:de:bsz:24-digibib-bsz3533455125/jpg/thumbs/00000001.jpg"$"Komplett"$"Original"$"Standard"$"Einzelseite"$""$""$"Württembergische Landesbibliothek Stuttgart"$"https://d-nb.info/gnd/40657-0"$"Stuttgart"$"https://d-nb.info/gnd/4058282-6"$"Württembergische Landesbibliothek Stuttgart"$"https://d-nb.info/gnd/40657-0"$"Stuttgart"$"https://d-nb.info/gnd/4058282-6"
"473"$"HB VII 37"$""$"https://digital.wlb-stuttgart.de/purl/bsz39308793X"$"https://digital.wlb-stuttgart.de/content/urn:nbn:de:bsz:24-digibib-bsz39308793X0/jpg/thumbs/00000001.jpg"$"Komplett"$"Original"$"Standard"$"Einzelseite"$""$""$"Württembergische Landesbibliothek Stuttgart"$"https://d-nb.info/gnd/40657-0"$"Stuttgart"$"https://d-nb.info/gnd/4058282-6"$"Württembergische Landesbibliothek Stuttgart"$"https://d-nb.info/gnd/40657-0"$"Stuttgart"$"https://d-nb.info/gnd/4058282-6"
"474"$"HB VII 43"$""$"https://digital.wlb-stuttgart.de/purl/bsz393090779"$"https://digital.wlb-stuttgart.de/content/urn:nbn:de:bsz:24-digibib-bsz3930907795/jpg/thumbs/00000001.jpg"$"Komplett"$"Original"$"Standard"$"Einzelseite"$""$""$"Württembergische Landesbibliothek Stuttgart"$"https://d-nb.info/gnd/40657-0"$"Stuttgart"$"https://d-nb.info/gnd/4058282-6"$"Württembergische Landesbibliothek Stuttgart"$"https://d-nb.info/gnd/40657-0"$"Stuttgart"$"https://d-nb.info/gnd/4058282-6"
"475"$"HB VII 45"$""$"https://digital.wlb-stuttgart.de/purl/bsz413015890"$"https://digital.wlb-stuttgart.de/content/urn:nbn:de:bsz:24-digibib-bsz4130158901/jpg/thumbs/00000001.jpg"$"Komplett"$"Original"$"Standard"$"Einzelseite"$""$""$"Württembergische Landesbibliothek Stuttgart"$"https://d-nb.info/gnd/40657-0"$"Stuttgart"$"https://d-nb.info/gnd/4058282-6"$"Württembergische Landesbibliothek Stuttgart"$"https://d-nb.info/gnd/40657-0"$"Stuttgart"$"https://d-nb.info/gnd/4058282-6"
"476"$"HB VII 56"$""$"https://digital.wlb-stuttgart.de/purl/bsz339711183"$"https://digital.wlb-stuttgart.de/content/urn:nbn:de:bsz:24-digibib-bsz3397111839/jpg/thumbs/00000001.jpg"$"Komplett"$"Original"$"Standard"$"Einzelseite"$""$""$"Württembergische Landesbibliothek Stuttgart"$"https://d-nb.info/gnd/40657-0"$"Stuttgart"$"https://d-nb.info/gnd/4058282-6"$"Württembergische Landesbibliothek Stuttgart"$"https://d-nb.info/gnd/40657-0"$"Stuttgart"$"https://d-nb.info/gnd/4058282-6"
"477"$"HB VII 57"$""$"https://digital.wlb-stuttgart.de/purl/bsz409063908"$"https://digital.wlb-stuttgart.de/content/urn:nbn:de:bsz:24-digibib-bsz4090639082/jpg/thumbs/00000001.jpg"$"Komplett"$"Original"$"Standard"$"Einzelseite"$""$""$"Württembergische Landesbibliothek Stuttgart"$"https://d-nb.info/gnd/40657-0"$"Stuttgart"$"https://d-nb.info/gnd/4058282-6"$"Württembergische Landesbibliothek Stuttgart"$"https://d-nb.info/gnd/40657-0"$"Stuttgart"$"https://d-nb.info/gnd/4058282-6"
"478"$"HB VII 58"$""$"https://digital.wlb-stuttgart.de/purl/bsz40906548X"$"https://digital.wlb-stuttgart.de/content/urn:nbn:de:bsz:24-digibib-bsz40906548X0/jpg/thumbs/00000001.jpg"$"Komplett"$"Original"$"Standard"$"Einzelseite"$""$""$"Württembergische Landesbibliothek Stuttgart"$"https://d-nb.info/gnd/40657-0"$"Stuttgart"$"https://d-nb.info/gnd/4058282-6"$"Württembergische Landesbibliothek Stuttgart"$"https://d-nb.info/gnd/40657-0"$"Stuttgart"$"https://d-nb.info/gnd/4058282-6"
"479"$"HB VII 59"$""$"https://digital.wlb-stuttgart.de/purl/bsz47054810X"$"https://digital.wlb-stuttgart.de/content/urn:nbn:de:bsz:24-digibib-bsz47054810X6/jpg/thumbs/00000001.jpg"$"Komplett"$"Original"$"Standard"$"Einzelseite"$""$""$"Württembergische Landesbibliothek Stuttgart"$"https://d-nb.info/gnd/40657-0"$"Stuttgart"$"https://d-nb.info/gnd/4058282-6"$"Württembergische Landesbibliothek Stuttgart"$"https://d-nb.info/gnd/40657-0"$"Stuttgart"$"https://d-nb.info/gnd/4058282-6"
"480"$"HB VII 62"$""$"https://digital.wlb-stuttgart.de/purl/bsz366970755"$"https://digital.wlb-stuttgart.de/content/urn:nbn:de:bsz:24-digibib-bsz3669707551/jpg/thumbs/00000001.jpg"$"Komplett"$"Original"$"Standard"$"Einzelseite"$""$""$"Württembergische Landesbibliothek Stuttgart"$"https://d-nb.info/gnd/40657-0"$"Stuttgart"$"https://d-nb.info/gnd/4058282-6"$"Württembergische Landesbibliothek Stuttgart"$"https://d-nb.info/gnd/40657-0"$"Stuttgart"$"https://d-nb.info/gnd/4058282-6"
"481"$"HB VIII 1"$""$"https://digital.wlb-stuttgart.de/purl/bsz409595136"$"https://digital.wlb-stuttgart.de/content/urn:nbn:de:bsz:24-digibib-bsz4095951361/jpg/thumbs/00000001.jpg"$"Komplett"$"Original"$"Standard"$"Einzelseite"$""$""$"Württembergische Landesbibliothek Stuttgart"$"https://d-nb.info/gnd/40657-0"$"Stuttgart"$"https://d-nb.info/gnd/4058282-6"$"Württembergische Landesbibliothek Stuttgart"$"https://d-nb.info/gnd/40657-0"$"Stuttgart"$"https://d-nb.info/gnd/4058282-6"
"482"$"HB VIII 11"$""$"https://digital.wlb-stuttgart.de/purl/bsz369805232"$"https://digital.wlb-stuttgart.de/content/urn:nbn:de:bsz:24-digibib-bsz3698052321/jpg/thumbs/00000001.jpg"$"Komplett"$"Original"$"Standard"$"Einzelseite"$""$""$"Württembergische Landesbibliothek Stuttgart"$"https://d-nb.info/gnd/40657-0"$"Stuttgart"$"https://d-nb.info/gnd/4058282-6"$"Württembergische Landesbibliothek Stuttgart"$"https://d-nb.info/gnd/40657-0"$"Stuttgart"$"https://d-nb.info/gnd/4058282-6"
"483"$"HB VIII 12"$""$"https://digital.wlb-stuttgart.de/purl/bsz36980838X"$"https://digital.wlb-stuttgart.de/content/urn:nbn:de:bsz:24-digibib-bsz36980838X9/jpg/thumbs/00000001.jpg"$"Komplett"$"Original"$"Standard"$"Einzelseite"$""$""$"Württembergische Landesbibliothek Stuttgart"$"https://d-nb.info/gnd/40657-0"$"Stuttgart"$"https://d-nb.info/gnd/4058282-6"$"Württembergische Landesbibliothek Stuttgart"$"https://d-nb.info/gnd/40657-0"$"Stuttgart"$"https://d-nb.info/gnd/4058282-6"
"484"$"HB VIII 25"$""$"https://digital.wlb-stuttgart.de/purl/bsz325800758"$"https://digital.wlb-stuttgart.de/content/urn:nbn:de:bsz:24-digibib-bsz3258007589/jpg/thumbs/00000001.jpg"$"Komplett"$"Original"$"Standard"$"Einzelseite"$""$""$"Württembergische Landesbibliothek Stuttgart"$"https://d-nb.info/gnd/40657-0"$"Stuttgart"$"https://d-nb.info/gnd/4058282-6"$"Württembergische Landesbibliothek Stuttgart"$"https://d-nb.info/gnd/40657-0"$"Stuttgart"$"https://d-nb.info/gnd/4058282-6"
"485"$"HB X 23"$""$"https://digital.wlb-stuttgart.de/purl/kxp1728116899"$"https://digital.wlb-stuttgart.de/content/urn:nbn:de:bsz:24-digibib-kxp17281168992/jpg/thumbs/00000001.jpg"$"Komplett"$"Original"$"Standard"$"Einzelseite"$""$""$"Württembergische Landesbibliothek Stuttgart"$"https://d-nb.info/gnd/40657-0"$"Stuttgart"$"https://d-nb.info/gnd/4058282-6"$"Württembergische Landesbibliothek Stuttgart"$"https://d-nb.info/gnd/40657-0"$"Stuttgart"$"https://d-nb.info/gnd/4058282-6"
"486"$"HB XI 3"$""$"https://digital.wlb-stuttgart.de/purl/bsz493401601"$"https://digital.wlb-stuttgart.de/content/urn:nbn:de:bsz:24-digibib-bsz4934016010/jpg/thumbs/00000001.jpg"$"Komplett"$"Original"$"Standard"$"Einzelseite"$""$""$"Württembergische Landesbibliothek Stuttgart"$"https://d-nb.info/gnd/40657-0"$"Stuttgart"$"https://d-nb.info/gnd/4058282-6"$"Württembergische Landesbibliothek Stuttgart"$"https://d-nb.info/gnd/40657-0"$"Stuttgart"$"https://d-nb.info/gnd/4058282-6"
"487"$"HB XI 32"$""$"https://digital.wlb-stuttgart.de/purl/bsz381084132"$"https://digital.wlb-stuttgart.de/content/urn:nbn:de:bsz:24-digibib-bsz3810841323/jpg/thumbs/00000001.jpg"$"Komplett"$"Original"$"Standard"$"Einzelseite"$""$""$"Württembergische Landesbibliothek Stuttgart"$"https://d-nb.info/gnd/40657-0"$"Stuttgart"$"https://d-nb.info/gnd/4058282-6"$"Württembergische Landesbibliothek Stuttgart"$"https://d-nb.info/gnd/40657-0"$"Stuttgart"$"https://d-nb.info/gnd/4058282-6"
"488"$"HB XI 34a"$""$"https://digital.wlb-stuttgart.de/purl/bsz345775171"$"https://digital.wlb-stuttgart.de/content/urn:nbn:de:bsz:24-digibib-bsz3457751713/jpg/thumbs/00000001.jpg"$"Komplett"$"Original"$"Standard"$"Einzelseite"$""$""$"Württembergische Landesbibliothek Stuttgart"$"https://d-nb.info/gnd/40657-0"$"Stuttgart"$"https://d-nb.info/gnd/4058282-6"$"Württembergische Landesbibliothek Stuttgart"$"https://d-nb.info/gnd/40657-0"$"Stuttgart"$"https://d-nb.info/gnd/4058282-6"
"489"$"HB XI 4"$""$"https://digital.wlb-stuttgart.de/purl/bsz393852407"$"https://digital.wlb-stuttgart.de/content/urn:nbn:de:bsz:24-digibib-bsz3938524073/jpg/thumbs/00000001.jpg"$"Komplett"$"Original"$"Standard"$"Einzelseite"$""$""$"Württembergische Landesbibliothek Stuttgart"$"https://d-nb.info/gnd/40657-0"$"Stuttgart"$"https://d-nb.info/gnd/4058282-6"$"Württembergische Landesbibliothek Stuttgart"$"https://d-nb.info/gnd/40657-0"$"Stuttgart"$"https://d-nb.info/gnd/4058282-6"
"490"$"HB XI 42"$""$"https://digital.wlb-stuttgart.de/purl/bsz41189708X"$"https://digital.wlb-stuttgart.de/content/urn:nbn:de:bsz:24-digibib-bsz41189708X7/jpg/thumbs/00000001.jpg"$"Komplett"$"Original"$"Standard"$"Einzelseite"$""$""$"Württembergische Landesbibliothek Stuttgart"$"https://d-nb.info/gnd/40657-0"$"Stuttgart"$"https://d-nb.info/gnd/4058282-6"$"Württembergische Landesbibliothek Stuttgart"$"https://d-nb.info/gnd/40657-0"$"Stuttgart"$"https://d-nb.info/gnd/4058282-6"
"491"$"HB XI 51"$""$"https://digital.wlb-stuttgart.de/purl/bsz510436773"$"https://digital.wlb-stuttgart.de/content/urn:nbn:de:bsz:24-digibib-bsz5104367734/jpg/thumbs/00000001.jpg"$"Komplett"$"Original"$"Standard"$"Einzelseite"$""$""$"Württembergische Landesbibliothek Stuttgart"$"https://d-nb.info/gnd/40657-0"$"Stuttgart"$"https://d-nb.info/gnd/4058282-6"$"Württembergische Landesbibliothek Stuttgart"$"https://d-nb.info/gnd/40657-0"$"Stuttgart"$"https://d-nb.info/gnd/4058282-6"
"492"$"HB XI 6"$""$"https://digital.wlb-stuttgart.de/purl/bsz409598488"$"https://digital.wlb-stuttgart.de/content/urn:nbn:de:bsz:24-digibib-bsz4095984887/jpg/thumbs/00000001.jpg"$"Komplett"$"Original"$"Standard"$"Einzelseite"$""$""$"Württembergische Landesbibliothek Stuttgart"$"https://d-nb.info/gnd/40657-0"$"Stuttgart"$"https://d-nb.info/gnd/4058282-6"$"Württembergische Landesbibliothek Stuttgart"$"https://d-nb.info/gnd/40657-0"$"Stuttgart"$"https://d-nb.info/gnd/4058282-6"
"493"$"HB XI 8"$""$"https://digital.wlb-stuttgart.de/purl/kxp1681641569"$"https://digital.wlb-stuttgart.de/content/urn:nbn:de:bsz:24-digibib-kxp16816415696/jpg/thumbs/00000001.jpg"$"Komplett"$"Original"$"Standard"$"Einzelseite"$""$""$"Württembergische Landesbibliothek Stuttgart"$"https://d-nb.info/gnd/40657-0"$"Stuttgart"$"https://d-nb.info/gnd/4058282-6"$"Württembergische Landesbibliothek Stuttgart"$"https://d-nb.info/gnd/40657-0"$"Stuttgart"$"https://d-nb.info/gnd/4058282-6"
"494"$"HB XIII 1"$""$"https://digital.wlb-stuttgart.de/purl/bsz319421317"$"https://digital.wlb-stuttgart.de/content/urn:nbn:de:bsz:24-digibib-bsz3194213177/jpg/thumbs/00000001.jpg"$"Komplett"$"Original"$"Standard"$"Einzelseite"$""$""$"Württembergische Landesbibliothek Stuttgart"$"https://d-nb.info/gnd/40657-0"$"Stuttgart"$"https://d-nb.info/gnd/4058282-6"$"Württembergische Landesbibliothek Stuttgart"$"https://d-nb.info/gnd/40657-0"$"Stuttgart"$"https://d-nb.info/gnd/4058282-6"
"495"$"HB XIII 10"$""$"https://digital.wlb-stuttgart.de/purl/bsz444984534"$"https://digital.wlb-stuttgart.de/content/urn:nbn:de:bsz:24-digibib-bsz4449845346/jpg/thumbs/00000001.jpg"$"Komplett"$"Original"$"Standard"$"Einzelseite"$""$""$"Württembergische Landesbibliothek Stuttgart"$"https://d-nb.info/gnd/40657-0"$"Stuttgart"$"https://d-nb.info/gnd/4058282-6"$"Württembergische Landesbibliothek Stuttgart"$"https://d-nb.info/gnd/40657-0"$"Stuttgart"$"https://d-nb.info/gnd/4058282-6"
"496"$"HB XIII 11"$""$"https://digital.wlb-stuttgart.de/purl/bsz35335144X"$"https://digital.wlb-stuttgart.de/content/urn:nbn:de:bsz:24-digibib-bsz35335144X9/jpg/thumbs/00000001.jpg"$"Komplett"$"Original"$"Standard"$"Einzelseite"$""$""$"Württembergische Landesbibliothek Stuttgart"$"https://d-nb.info/gnd/40657-0"$"Stuttgart"$"https://d-nb.info/gnd/4058282-6"$"Württembergische Landesbibliothek Stuttgart"$"https://d-nb.info/gnd/40657-0"$"Stuttgart"$"https://d-nb.info/gnd/4058282-6"
"497"$"HB XIII 2"$""$"https://digital.wlb-stuttgart.de/purl/bsz330583522"$"https://digital.wlb-stuttgart.de/content/urn:nbn:de:bsz:24-digibib-bsz3305835229/jpg/thumbs/00000001.jpg"$"Komplett"$"Original"$"Standard"$"Einzelseite"$""$""$"Württembergische Landesbibliothek Stuttgart"$"https://d-nb.info/gnd/40657-0"$"Stuttgart"$"https://d-nb.info/gnd/4058282-6"$"Württembergische Landesbibliothek Stuttgart"$"https://d-nb.info/gnd/40657-0"$"Stuttgart"$"https://d-nb.info/gnd/4058282-6"
"498"$"HB XIII 4"$""$"https://digital.wlb-stuttgart.de/purl/bsz414951808"$"https://digital.wlb-stuttgart.de/content/urn:nbn:de:bsz:24-digibib-bsz4149518081/jpg/thumbs/00000001.jpg"$"Komplett"$"Original"$"Standard"$"Einzelseite"$""$""$"Württembergische Landesbibliothek Stuttgart"$"https://d-nb.info/gnd/40657-0"$"Stuttgart"$"https://d-nb.info/gnd/4058282-6"$"Württembergische Landesbibliothek Stuttgart"$"https://d-nb.info/gnd/40657-0"$"Stuttgart"$"https://d-nb.info/gnd/4058282-6"
"499"$"HB XIII 5"$""$"https://digital.wlb-stuttgart.de/purl/bsz490089941"$"https://digital.wlb-stuttgart.de/content/urn:nbn:de:bsz:24-digibib-bsz4900899417/jpg/thumbs/00000001.jpg"$"Komplett"$"Original"$"Standard"$"Einzelseite"$""$""$"Württembergische Landesbibliothek Stuttgart"$"https://d-nb.info/gnd/40657-0"$"Stuttgart"$"https://d-nb.info/gnd/4058282-6"$"Württembergische Landesbibliothek Stuttgart"$"https://d-nb.info/gnd/40657-0"$"Stuttgart"$"https://d-nb.info/gnd/4058282-6"
"500"$"HB XIII 6"$""$"https://digital.wlb-stuttgart.de/purl/bsz349927065"$"https://digital.wlb-stuttgart.de/content/urn:nbn:de:bsz:24-digibib-bsz3499270656/jpg/thumbs/00000001.jpg"$"Komplett"$"Original"$"Standard"$"Einzelseite"$""$""$"Württembergische Landesbibliothek Stuttgart"$"https://d-nb.info/gnd/40657-0"$"Stuttgart"$"https://d-nb.info/gnd/4058282-6"$"Württembergische Landesbibliothek Stuttgart"$"https://d-nb.info/gnd/40657-0"$"Stuttgart"$"https://d-nb.info/gnd/4058282-6"
"501"$"HB XIV 1"$""$"https://digital.wlb-stuttgart.de/purl/bsz353357162"$"https://digital.wlb-stuttgart.de/content/urn:nbn:de:bsz:24-digibib-bsz3533571629/jpg/thumbs/00000001.jpg"$"Komplett"$"Original"$"Standard"$"Einzelseite"$""$""$"Württembergische Landesbibliothek Stuttgart"$"https://d-nb.info/gnd/40657-0"$"Stuttgart"$"https://d-nb.info/gnd/4058282-6"$"Württembergische Landesbibliothek Stuttgart"$"https://d-nb.info/gnd/40657-0"$"Stuttgart"$"https://d-nb.info/gnd/4058282-6"
"502"$"HB XIV 14"$""$"https://digital.wlb-stuttgart.de/purl/bsz408964367"$"https://digital.wlb-stuttgart.de/content/urn:nbn:de:bsz:24-digibib-bsz4089643671/jpg/thumbs/00000001.jpg"$"Komplett"$"Original"$"Standard"$"Einzelseite"$""$""$"Württembergische Landesbibliothek Stuttgart"$"https://d-nb.info/gnd/40657-0"$"Stuttgart"$"https://d-nb.info/gnd/4058282-6"$"Württembergische Landesbibliothek Stuttgart"$"https://d-nb.info/gnd/40657-0"$"Stuttgart"$"https://d-nb.info/gnd/4058282-6"
"503"$"HB XIV 15"$""$"https://digital.wlb-stuttgart.de/purl/bsz409061964"$"https://digital.wlb-stuttgart.de/content/urn:nbn:de:bsz:24-digibib-bsz4090619648/jpg/thumbs/00000001.jpg"$"Komplett"$"Original"$"Standard"$"Einzelseite"$""$""$"Württembergische Landesbibliothek Stuttgart"$"https://d-nb.info/gnd/40657-0"$"Stuttgart"$"https://d-nb.info/gnd/4058282-6"$"Württembergische Landesbibliothek Stuttgart"$"https://d-nb.info/gnd/40657-0"$"Stuttgart"$"https://d-nb.info/gnd/4058282-6"
"504"$"HB XIV 17"$""$"https://digital.wlb-stuttgart.de/purl/bsz378257730"$"https://digital.wlb-stuttgart.de/content/urn:nbn:de:bsz:24-digibib-bsz3782577306/jpg/thumbs/00000001.jpg"$"Komplett"$"Original"$"Standard"$"Einzelseite"$""$""$"Württembergische Landesbibliothek Stuttgart"$"https://d-nb.info/gnd/40657-0"$"Stuttgart"$"https://d-nb.info/gnd/4058282-6"$"Württembergische Landesbibliothek Stuttgart"$"https://d-nb.info/gnd/40657-0"$"Stuttgart"$"https://d-nb.info/gnd/4058282-6"
"505"$"HB XIV 18"$""$"https://digital.wlb-stuttgart.de/purl/bsz377968641"$"https://digital.wlb-stuttgart.de/content/urn:nbn:de:bsz:24-digibib-bsz3779686418/jpg/thumbs/00000001.jpg"$"Komplett"$"Original"$"Standard"$"Einzelseite"$""$""$"Württembergische Landesbibliothek Stuttgart"$"https://d-nb.info/gnd/40657-0"$"Stuttgart"$"https://d-nb.info/gnd/4058282-6"$"Württembergische Landesbibliothek Stuttgart"$"https://d-nb.info/gnd/40657-0"$"Stuttgart"$"https://d-nb.info/gnd/4058282-6"
"506"$"HB XIV 2"$""$"https://digital.wlb-stuttgart.de/purl/bsz486130193"$"https://digital.wlb-stuttgart.de/content/urn:nbn:de:bsz:24-digibib-bsz4861301930/jpg/thumbs/00000001.jpg"$"Komplett"$"Original"$"Standard"$"Einzelseite"$""$""$"Württembergische Landesbibliothek Stuttgart"$"https://d-nb.info/gnd/40657-0"$"Stuttgart"$"https://d-nb.info/gnd/4058282-6"$"Württembergische Landesbibliothek Stuttgart"$"https://d-nb.info/gnd/40657-0"$"Stuttgart"$"https://d-nb.info/gnd/4058282-6"
"507"$"HB XIV 6"$""$"https://digital.wlb-stuttgart.de/purl/bsz345816927"$"https://digital.wlb-stuttgart.de/content/urn:nbn:de:bsz:24-digibib-bsz3458169271/jpg/thumbs/00000001.jpg"$"Komplett"$"Original"$"Standard"$"Einzelseite"$""$""$"Württembergische Landesbibliothek Stuttgart"$"https://d-nb.info/gnd/40657-0"$"Stuttgart"$"https://d-nb.info/gnd/4058282-6"$"Württembergische Landesbibliothek Stuttgart"$"https://d-nb.info/gnd/40657-0"$"Stuttgart"$"https://d-nb.info/gnd/4058282-6"
"508"$"HB XIV 7"$""$"https://digital.wlb-stuttgart.de/purl/bsz353359181"$"https://digital.wlb-stuttgart.de/content/urn:nbn:de:bsz:24-digibib-bsz3533591810/jpg/thumbs/00000001.jpg"$"Komplett"$"Original"$"Standard"$"Einzelseite"$""$""$"Württembergische Landesbibliothek Stuttgart"$"https://d-nb.info/gnd/40657-0"$"Stuttgart"$"https://d-nb.info/gnd/4058282-6"$"Württembergische Landesbibliothek Stuttgart"$"https://d-nb.info/gnd/40657-0"$"Stuttgart"$"https://d-nb.info/gnd/4058282-6"
"509"$"HB XV 104"$""$"https://digital.wlb-stuttgart.de/purl/bsz46294302X"$"https://digital.wlb-stuttgart.de/content/urn:nbn:de:bsz:24-digibib-bsz46294302X9/jpg/thumbs/00000001.jpg"$"Komplett"$"Original"$"Standard"$"Einzelseite"$""$""$"Württembergische Landesbibliothek Stuttgart"$"https://d-nb.info/gnd/40657-0"$"Stuttgart"$"https://d-nb.info/gnd/4058282-6"$"Württembergische Landesbibliothek Stuttgart"$"https://d-nb.info/gnd/40657-0"$"Stuttgart"$"https://d-nb.info/gnd/4058282-6"
"510"$"HB XV 127"$""$"https://digital.wlb-stuttgart.de/purl/bsz409599646"$"https://digital.wlb-stuttgart.de/content/urn:nbn:de:bsz:24-digibib-bsz4095996460/jpg/thumbs/00000001.jpg"$"Komplett"$"Original"$"Standard"$"Einzelseite"$""$""$"Württembergische Landesbibliothek Stuttgart"$"https://d-nb.info/gnd/40657-0"$"Stuttgart"$"https://d-nb.info/gnd/4058282-6"$"Württembergische Landesbibliothek Stuttgart"$"https://d-nb.info/gnd/40657-0"$"Stuttgart"$"https://d-nb.info/gnd/4058282-6"
"511"$"HB XV 2"$""$"https://digital.wlb-stuttgart.de/purl/bsz419975365"$"https://digital.wlb-stuttgart.de/content/urn:nbn:de:bsz:24-digibib-bsz4199753650/jpg/thumbs/00000001.jpg"$"Komplett"$"Original"$"Standard"$"Einzelseite"$""$""$"Württembergische Landesbibliothek Stuttgart"$"https://d-nb.info/gnd/40657-0"$"Stuttgart"$"https://d-nb.info/gnd/4058282-6"$"Württembergische Landesbibliothek Stuttgart"$"https://d-nb.info/gnd/40657-0"$"Stuttgart"$"https://d-nb.info/gnd/4058282-6"
"512"$"HB XV 3"$""$"https://digital.wlb-stuttgart.de/purl/bsz419998756"$"https://digital.wlb-stuttgart.de/content/urn:nbn:de:bsz:24-digibib-bsz4199987568/jpg/thumbs/00000001.jpg"$"Komplett"$"Original"$"Standard"$"Einzelseite"$""$""$"Württembergische Landesbibliothek Stuttgart"$"https://d-nb.info/gnd/40657-0"$"Stuttgart"$"https://d-nb.info/gnd/4058282-6"$"Württembergische Landesbibliothek Stuttgart"$"https://d-nb.info/gnd/40657-0"$"Stuttgart"$"https://d-nb.info/gnd/4058282-6"
"513"$"HB XV 4"$""$"https://digital.wlb-stuttgart.de/purl/bsz419991034"$"https://digital.wlb-stuttgart.de/content/urn:nbn:de:bsz:24-digibib-bsz4199910347/jpg/thumbs/00000001.jpg"$"Komplett"$"Original"$"Standard"$"Einzelseite"$""$""$"Württembergische Landesbibliothek Stuttgart"$"https://d-nb.info/gnd/40657-0"$"Stuttgart"$"https://d-nb.info/gnd/4058282-6"$"Württembergische Landesbibliothek Stuttgart"$"https://d-nb.info/gnd/40657-0"$"Stuttgart"$"https://d-nb.info/gnd/4058282-6"
"514"$"HB XV 5"$""$"https://digital.wlb-stuttgart.de/purl/bsz408876328"$"https://digital.wlb-stuttgart.de/content/urn:nbn:de:bsz:24-digibib-bsz4088763282/jpg/thumbs/00000001.jpg"$"Komplett"$"Original"$"Standard"$"Einzelseite"$""$""$"Württembergische Landesbibliothek Stuttgart"$"https://d-nb.info/gnd/40657-0"$"Stuttgart"$"https://d-nb.info/gnd/4058282-6"$"Württembergische Landesbibliothek Stuttgart"$"https://d-nb.info/gnd/40657-0"$"Stuttgart"$"https://d-nb.info/gnd/4058282-6"
"515"$"HB XV 93"$""$"https://digital.wlb-stuttgart.de/purl/bsz366891162"$"https://digital.wlb-stuttgart.de/content/urn:nbn:de:bsz:24-digibib-bsz3668911628/jpg/thumbs/00000001.jpg"$"Komplett"$"Original"$"Standard"$"Einzelseite"$""$""$"Württembergische Landesbibliothek Stuttgart"$"https://d-nb.info/gnd/40657-0"$"Stuttgart"$"https://d-nb.info/gnd/4058282-6"$"Württembergische Landesbibliothek Stuttgart"$"https://d-nb.info/gnd/40657-0"$"Stuttgart"$"https://d-nb.info/gnd/4058282-6"
"516"$"HB XVII 100"$""$"https://digital.wlb-stuttgart.de/purl/bsz454076533"$"https://digital.wlb-stuttgart.de/content/urn:nbn:de:bsz:24-digibib-bsz4540765332/jpg/thumbs/00000001.jpg"$"Komplett"$"Original"$"Standard"$"Einzelseite"$""$""$"Württembergische Landesbibliothek Stuttgart"$"https://d-nb.info/gnd/40657-0"$"Stuttgart"$"https://d-nb.info/gnd/4058282-6"$"Württembergische Landesbibliothek Stuttgart"$"https://d-nb.info/gnd/40657-0"$"Stuttgart"$"https://d-nb.info/gnd/4058282-6"
"517"$"HB XVII 117a"$""$"https://digital.wlb-stuttgart.de/purl/kxp179733249X"$"https://digital.wlb-stuttgart.de/content/urn:nbn:de:bsz:24-digibib-kxp179733249X6/jpg/thumbs/00000001.jpg"$"Komplett"$"Original"$"Standard"$"Einzelseite"$""$""$"Württembergische Landesbibliothek Stuttgart"$"https://d-nb.info/gnd/40657-0"$"Stuttgart"$"https://d-nb.info/gnd/4058282-6"$"Württembergische Landesbibliothek Stuttgart"$"https://d-nb.info/gnd/40657-0"$"Stuttgart"$"https://d-nb.info/gnd/4058282-6"
"518"$"HB XVII 117b"$""$"https://digital.wlb-stuttgart.de/purl/kxp1797337254"$"https://digital.wlb-stuttgart.de/content/urn:nbn:de:bsz:24-digibib-kxp17973372546/jpg/thumbs/00000001.jpg"$"Komplett"$"Original"$"Standard"$"Einzelseite"$""$""$"Württembergische Landesbibliothek Stuttgart"$"https://d-nb.info/gnd/40657-0"$"Stuttgart"$"https://d-nb.info/gnd/4058282-6"$"Württembergische Landesbibliothek Stuttgart"$"https://d-nb.info/gnd/40657-0"$"Stuttgart"$"https://d-nb.info/gnd/4058282-6"
"519"$"HB XVII 12"$""$"https://digital.wlb-stuttgart.de/purl/bsz409511552"$"https://digital.wlb-stuttgart.de/content/urn:nbn:de:bsz:24-digibib-bsz4095115527/jpg/thumbs/00000001.jpg"$"Komplett"$"Original"$"Standard"$"Einzelseite"$""$""$"Württembergische Landesbibliothek Stuttgart"$"https://d-nb.info/gnd/40657-0"$"Stuttgart"$"https://d-nb.info/gnd/4058282-6"$"Württembergische Landesbibliothek Stuttgart"$"https://d-nb.info/gnd/40657-0"$"Stuttgart"$"https://d-nb.info/gnd/4058282-6"
"520"$"HB XVII 140"$""$"https://digital.wlb-stuttgart.de/purl/bsz454077904"$"https://digital.wlb-stuttgart.de/content/urn:nbn:de:bsz:24-digibib-bsz4540779049/jpg/thumbs/00000001.jpg"$"Komplett"$"Original"$"Standard"$"Einzelseite"$""$""$"Württembergische Landesbibliothek Stuttgart"$"https://d-nb.info/gnd/40657-0"$"Stuttgart"$"https://d-nb.info/gnd/4058282-6"$"Württembergische Landesbibliothek Stuttgart"$"https://d-nb.info/gnd/40657-0"$"Stuttgart"$"https://d-nb.info/gnd/4058282-6"
"521"$"HB XVII 17"$""$"https://digital.wlb-stuttgart.de/purl/bsz368573729"$"https://digital.wlb-stuttgart.de/content/urn:nbn:de:bsz:24-digibib-bsz3685737299/jpg/thumbs/00000001.jpg"$"Komplett"$"Original"$"Standard"$"Einzelseite"$""$""$"Württembergische Landesbibliothek Stuttgart"$"https://d-nb.info/gnd/40657-0"$"Stuttgart"$"https://d-nb.info/gnd/4058282-6"$"Württembergische Landesbibliothek Stuttgart"$"https://d-nb.info/gnd/40657-0"$"Stuttgart"$"https://d-nb.info/gnd/4058282-6"
"522"$"HB XVII 19"$""$"https://digital.wlb-stuttgart.de/purl/bsz409521876"$"https://digital.wlb-stuttgart.de/content/urn:nbn:de:bsz:24-digibib-bsz4095218765/jpg/thumbs/00000001.jpg"$"Komplett"$"Original"$"Standard"$"Einzelseite"$""$""$"Württembergische Landesbibliothek Stuttgart"$"https://d-nb.info/gnd/40657-0"$"Stuttgart"$"https://d-nb.info/gnd/4058282-6"$"Württembergische Landesbibliothek Stuttgart"$"https://d-nb.info/gnd/40657-0"$"Stuttgart"$"https://d-nb.info/gnd/4058282-6"
"523"$"HB XVII 233a"$""$"https://digital.wlb-stuttgart.de/purl/bsz422812323"$"https://digital.wlb-stuttgart.de/content/urn:nbn:de:bsz:24-digibib-bsz4228123238/jpg/thumbs/00000001.jpg"$"Komplett"$"Original"$"Standard"$"Einzelseite"$""$""$"Württembergische Landesbibliothek Stuttgart"$"https://d-nb.info/gnd/40657-0"$"Stuttgart"$"https://d-nb.info/gnd/4058282-6"$"Württembergische Landesbibliothek Stuttgart"$"https://d-nb.info/gnd/40657-0"$"Stuttgart"$"https://d-nb.info/gnd/4058282-6"
"524"$"HB XVII 233b"$""$"https://digital.wlb-stuttgart.de/purl/bsz422812943"$"https://digital.wlb-stuttgart.de/content/urn:nbn:de:bsz:24-digibib-bsz4228129438/jpg/thumbs/00000001.jpg"$"Komplett"$"Original"$"Standard"$"Einzelseite"$""$""$"Württembergische Landesbibliothek Stuttgart"$"https://d-nb.info/gnd/40657-0"$"Stuttgart"$"https://d-nb.info/gnd/4058282-6"$"Württembergische Landesbibliothek Stuttgart"$"https://d-nb.info/gnd/40657-0"$"Stuttgart"$"https://d-nb.info/gnd/4058282-6"
"525"$"HB XVII 233c"$""$"https://digital.wlb-stuttgart.de/purl/bsz422813443"$"https://digital.wlb-stuttgart.de/content/urn:nbn:de:bsz:24-digibib-bsz4228134431/jpg/thumbs/00000001.jpg"$"Komplett"$"Original"$"Standard"$"Einzelseite"$""$""$"Württembergische Landesbibliothek Stuttgart"$"https://d-nb.info/gnd/40657-0"$"Stuttgart"$"https://d-nb.info/gnd/4058282-6"$"Württembergische Landesbibliothek Stuttgart"$"https://d-nb.info/gnd/40657-0"$"Stuttgart"$"https://d-nb.info/gnd/4058282-6"
"526"$"HB XVII 234a"$""$"https://digital.wlb-stuttgart.de/purl/bsz422821888"$"https://digital.wlb-stuttgart.de/content/urn:nbn:de:bsz:24-digibib-bsz4228218885/jpg/thumbs/00000001.jpg"$"Komplett"$"Original"$"Standard"$"Einzelseite"$""$""$"Württembergische Landesbibliothek Stuttgart"$"https://d-nb.info/gnd/40657-0"$"Stuttgart"$"https://d-nb.info/gnd/4058282-6"$"Württembergische Landesbibliothek Stuttgart"$"https://d-nb.info/gnd/40657-0"$"Stuttgart"$"https://d-nb.info/gnd/4058282-6"
"527"$"HB XVII 234b"$""$"https://digital.wlb-stuttgart.de/purl/bsz422822310"$"https://digital.wlb-stuttgart.de/content/urn:nbn:de:bsz:24-digibib-bsz4228223106/jpg/thumbs/00000001.jpg"$"Komplett"$"Original"$"Standard"$"Einzelseite"$""$""$"Württembergische Landesbibliothek Stuttgart"$"https://d-nb.info/gnd/40657-0"$"Stuttgart"$"https://d-nb.info/gnd/4058282-6"$"Württembergische Landesbibliothek Stuttgart"$"https://d-nb.info/gnd/40657-0"$"Stuttgart"$"https://d-nb.info/gnd/4058282-6"
"528"$"HB XVII 234c"$""$"https://digital.wlb-stuttgart.de/purl/bsz42282254X"$"https://digital.wlb-stuttgart.de/content/urn:nbn:de:bsz:24-digibib-bsz42282254X0/jpg/thumbs/00000001.jpg"$"Komplett"$"Original"$"Standard"$"Einzelseite"$""$""$"Württembergische Landesbibliothek Stuttgart"$"https://d-nb.info/gnd/40657-0"$"Stuttgart"$"https://d-nb.info/gnd/4058282-6"$"Württembergische Landesbibliothek Stuttgart"$"https://d-nb.info/gnd/40657-0"$"Stuttgart"$"https://d-nb.info/gnd/4058282-6"
"529"$"HB XVII 235a"$""$"https://digital.wlb-stuttgart.de/purl/bsz422823457"$"https://digital.wlb-stuttgart.de/content/urn:nbn:de:bsz:24-digibib-bsz4228234579/jpg/thumbs/00000001.jpg"$"Komplett"$"Original"$"Standard"$"Einzelseite"$""$""$"Württembergische Landesbibliothek Stuttgart"$"https://d-nb.info/gnd/40657-0"$"Stuttgart"$"https://d-nb.info/gnd/4058282-6"$"Württembergische Landesbibliothek Stuttgart"$"https://d-nb.info/gnd/40657-0"$"Stuttgart"$"https://d-nb.info/gnd/4058282-6"
"530"$"HB XVII 235b"$""$"https://digital.wlb-stuttgart.de/purl/bsz422823767"$"https://digital.wlb-stuttgart.de/content/urn:nbn:de:bsz:24-digibib-bsz4228237670/jpg/thumbs/00000001.jpg"$"Komplett"$"Original"$"Standard"$"Einzelseite"$""$""$"Württembergische Landesbibliothek Stuttgart"$"https://d-nb.info/gnd/40657-0"$"Stuttgart"$"https://d-nb.info/gnd/4058282-6"$"Württembergische Landesbibliothek Stuttgart"$"https://d-nb.info/gnd/40657-0"$"Stuttgart"$"https://d-nb.info/gnd/4058282-6"
"531"$"HB XVII 235c"$""$"https://digital.wlb-stuttgart.de/purl/bsz422824046"$"https://digital.wlb-stuttgart.de/content/urn:nbn:de:bsz:24-digibib-bsz4228240463/jpg/thumbs/00000001.jpg"$"Komplett"$"Original"$"Standard"$"Einzelseite"$""$""$"Württembergische Landesbibliothek Stuttgart"$"https://d-nb.info/gnd/40657-0"$"Stuttgart"$"https://d-nb.info/gnd/4058282-6"$"Württembergische Landesbibliothek Stuttgart"$"https://d-nb.info/gnd/40657-0"$"Stuttgart"$"https://d-nb.info/gnd/4058282-6"
"532"$"HB XVII 237a"$""$"https://digital.wlb-stuttgart.de/purl/bsz422825301"$"https://digital.wlb-stuttgart.de/content/urn:nbn:de:bsz:24-digibib-bsz4228253011/jpg/thumbs/00000001.jpg"$"Komplett"$"Original"$"Standard"$"Einzelseite"$""$""$"Württembergische Landesbibliothek Stuttgart"$"https://d-nb.info/gnd/40657-0"$"Stuttgart"$"https://d-nb.info/gnd/4058282-6"$"Württembergische Landesbibliothek Stuttgart"$"https://d-nb.info/gnd/40657-0"$"Stuttgart"$"https://d-nb.info/gnd/4058282-6"
"533"$"HB XVII 237b"$""$"https://digital.wlb-stuttgart.de/purl/bsz422825697"$"https://digital.wlb-stuttgart.de/content/urn:nbn:de:bsz:24-digibib-bsz4228256973/jpg/thumbs/00000001.jpg"$"Komplett"$"Original"$"Standard"$"Einzelseite"$""$""$"Württembergische Landesbibliothek Stuttgart"$"https://d-nb.info/gnd/40657-0"$"Stuttgart"$"https://d-nb.info/gnd/4058282-6"$"Württembergische Landesbibliothek Stuttgart"$"https://d-nb.info/gnd/40657-0"$"Stuttgart"$"https://d-nb.info/gnd/4058282-6"
"534"$"HB XVII 238a"$""$"https://digital.wlb-stuttgart.de/purl/bsz422826340"$"https://digital.wlb-stuttgart.de/content/urn:nbn:de:bsz:24-digibib-bsz4228263406/jpg/thumbs/00000001.jpg"$"Komplett"$"Original"$"Standard"$"Einzelseite"$""$""$"Württembergische Landesbibliothek Stuttgart"$"https://d-nb.info/gnd/40657-0"$"Stuttgart"$"https://d-nb.info/gnd/4058282-6"$"Württembergische Landesbibliothek Stuttgart"$"https://d-nb.info/gnd/40657-0"$"Stuttgart"$"https://d-nb.info/gnd/4058282-6"
"535"$"HB XVII 238b"$""$"https://digital.wlb-stuttgart.de/purl/bsz422826685"$"https://digital.wlb-stuttgart.de/content/urn:nbn:de:bsz:24-digibib-bsz4228266851/jpg/thumbs/00000001.jpg"$"Komplett"$"Original"$"Standard"$"Einzelseite"$""$""$"Württembergische Landesbibliothek Stuttgart"$"https://d-nb.info/gnd/40657-0"$"Stuttgart"$"https://d-nb.info/gnd/4058282-6"$"Württembergische Landesbibliothek Stuttgart"$"https://d-nb.info/gnd/40657-0"$"Stuttgart"$"https://d-nb.info/gnd/4058282-6"
"536"$"HB XVII 239a"$""$"https://digital.wlb-stuttgart.de/purl/bsz422827622"$"https://digital.wlb-stuttgart.de/content/urn:nbn:de:bsz:24-digibib-bsz4228276229/jpg/thumbs/00000001.jpg"$"Komplett"$"Original"$"Standard"$"Einzelseite"$""$""$"Württembergische Landesbibliothek Stuttgart"$"https://d-nb.info/gnd/40657-0"$"Stuttgart"$"https://d-nb.info/gnd/4058282-6"$"Württembergische Landesbibliothek Stuttgart"$"https://d-nb.info/gnd/40657-0"$"Stuttgart"$"https://d-nb.info/gnd/4058282-6"
"537"$"HB XVII 239b"$""$"https://digital.wlb-stuttgart.de/purl/bsz422829587"$"https://digital.wlb-stuttgart.de/content/urn:nbn:de:bsz:24-digibib-bsz4228295871/jpg/thumbs/00000001.jpg"$"Komplett"$"Original"$"Standard"$"Einzelseite"$""$""$"Württembergische Landesbibliothek Stuttgart"$"https://d-nb.info/gnd/40657-0"$"Stuttgart"$"https://d-nb.info/gnd/4058282-6"$"Württembergische Landesbibliothek Stuttgart"$"https://d-nb.info/gnd/40657-0"$"Stuttgart"$"https://d-nb.info/gnd/4058282-6"
"538"$"HB XVII 239c"$""$"https://digital.wlb-stuttgart.de/purl/bsz422829811"$"https://digital.wlb-stuttgart.de/content/urn:nbn:de:bsz:24-digibib-bsz4228298117/jpg/thumbs/00000001.jpg"$"Komplett"$"Original"$"Standard"$"Einzelseite"$""$""$"Württembergische Landesbibliothek Stuttgart"$"https://d-nb.info/gnd/40657-0"$"Stuttgart"$"https://d-nb.info/gnd/4058282-6"$"Württembergische Landesbibliothek Stuttgart"$"https://d-nb.info/gnd/40657-0"$"Stuttgart"$"https://d-nb.info/gnd/4058282-6"
"539"$"HB XVII 240a"$""$"https://digital.wlb-stuttgart.de/purl/bsz422831425"$"https://digital.wlb-stuttgart.de/content/urn:nbn:de:bsz:24-digibib-bsz4228314254/jpg/thumbs/00000001.jpg"$"Komplett"$"Original"$"Standard"$"Einzelseite"$""$""$"Württembergische Landesbibliothek Stuttgart"$"https://d-nb.info/gnd/40657-0"$"Stuttgart"$"https://d-nb.info/gnd/4058282-6"$"Württembergische Landesbibliothek Stuttgart"$"https://d-nb.info/gnd/40657-0"$"Stuttgart"$"https://d-nb.info/gnd/4058282-6"
"540"$"HB XVII 240b"$""$"https://digital.wlb-stuttgart.de/purl/bsz422831832"$"https://digital.wlb-stuttgart.de/content/urn:nbn:de:bsz:24-digibib-bsz4228318329/jpg/thumbs/00000001.jpg"$"Komplett"$"Original"$"Standard"$"Einzelseite"$""$""$"Württembergische Landesbibliothek Stuttgart"$"https://d-nb.info/gnd/40657-0"$"Stuttgart"$"https://d-nb.info/gnd/4058282-6"$"Württembergische Landesbibliothek Stuttgart"$"https://d-nb.info/gnd/40657-0"$"Stuttgart"$"https://d-nb.info/gnd/4058282-6"
"541"$"HB XVII 240c"$""$"https://digital.wlb-stuttgart.de/purl/bsz422832340"$"https://digital.wlb-stuttgart.de/content/urn:nbn:de:bsz:24-digibib-bsz4228323409/jpg/thumbs/00000001.jpg"$"Komplett"$"Original"$"Standard"$"Einzelseite"$""$""$"Württembergische Landesbibliothek Stuttgart"$"https://d-nb.info/gnd/40657-0"$"Stuttgart"$"https://d-nb.info/gnd/4058282-6"$"Württembergische Landesbibliothek Stuttgart"$"https://d-nb.info/gnd/40657-0"$"Stuttgart"$"https://d-nb.info/gnd/4058282-6"
"542"$"HB XVII 241a"$""$"https://digital.wlb-stuttgart.de/purl/bsz422861200"$"https://digital.wlb-stuttgart.de/content/urn:nbn:de:bsz:24-digibib-bsz4228612001/jpg/thumbs/00000001.jpg"$"Komplett"$"Original"$"Standard"$"Einzelseite"$""$""$"Württembergische Landesbibliothek Stuttgart"$"https://d-nb.info/gnd/40657-0"$"Stuttgart"$"https://d-nb.info/gnd/4058282-6"$"Württembergische Landesbibliothek Stuttgart"$"https://d-nb.info/gnd/40657-0"$"Stuttgart"$"https://d-nb.info/gnd/4058282-6"
"543"$"HB XVII 241b"$""$"https://digital.wlb-stuttgart.de/purl/bsz422861529"$"https://digital.wlb-stuttgart.de/content/urn:nbn:de:bsz:24-digibib-bsz4228615299/jpg/thumbs/00000001.jpg"$"Komplett"$"Original"$"Standard"$"Einzelseite"$""$""$"Württembergische Landesbibliothek Stuttgart"$"https://d-nb.info/gnd/40657-0"$"Stuttgart"$"https://d-nb.info/gnd/4058282-6"$"Württembergische Landesbibliothek Stuttgart"$"https://d-nb.info/gnd/40657-0"$"Stuttgart"$"https://d-nb.info/gnd/4058282-6"
"544"$"HB XVII 242a"$""$"https://digital.wlb-stuttgart.de/purl/bsz422833266"$"https://digital.wlb-stuttgart.de/content/urn:nbn:de:bsz:24-digibib-bsz4228332669/jpg/thumbs/00000001.jpg"$"Komplett"$"Original"$"Standard"$"Einzelseite"$""$""$"Württembergische Landesbibliothek Stuttgart"$"https://d-nb.info/gnd/40657-0"$"Stuttgart"$"https://d-nb.info/gnd/4058282-6"$"Württembergische Landesbibliothek Stuttgart"$"https://d-nb.info/gnd/40657-0"$"Stuttgart"$"https://d-nb.info/gnd/4058282-6"
"545"$"HB XVII 242b"$""$"https://digital.wlb-stuttgart.de/purl/bsz422833657"$"https://digital.wlb-stuttgart.de/content/urn:nbn:de:bsz:24-digibib-bsz4228336572/jpg/thumbs/00000001.jpg"$"Komplett"$"Original"$"Standard"$"Einzelseite"$""$""$"Württembergische Landesbibliothek Stuttgart"$"https://d-nb.info/gnd/40657-0"$"Stuttgart"$"https://d-nb.info/gnd/4058282-6"$"Württembergische Landesbibliothek Stuttgart"$"https://d-nb.info/gnd/40657-0"$"Stuttgart"$"https://d-nb.info/gnd/4058282-6"
"546"$"HB XVII 242c"$""$"https://digital.wlb-stuttgart.de/purl/bsz422833991"$"https://digital.wlb-stuttgart.de/content/urn:nbn:de:bsz:24-digibib-bsz4228339915/jpg/thumbs/00000001.jpg"$"Komplett"$"Original"$"Standard"$"Einzelseite"$""$""$"Württembergische Landesbibliothek Stuttgart"$"https://d-nb.info/gnd/40657-0"$"Stuttgart"$"https://d-nb.info/gnd/4058282-6"$"Württembergische Landesbibliothek Stuttgart"$"https://d-nb.info/gnd/40657-0"$"Stuttgart"$"https://d-nb.info/gnd/4058282-6"
"547"$"HB XVII 242d"$""$"https://digital.wlb-stuttgart.de/purl/bsz422834351"$"https://digital.wlb-stuttgart.de/content/urn:nbn:de:bsz:24-digibib-bsz4228343511/jpg/thumbs/00000001.jpg"$"Komplett"$"Original"$"Standard"$"Einzelseite"$""$""$"Württembergische Landesbibliothek Stuttgart"$"https://d-nb.info/gnd/40657-0"$"Stuttgart"$"https://d-nb.info/gnd/4058282-6"$"Württembergische Landesbibliothek Stuttgart"$"https://d-nb.info/gnd/40657-0"$"Stuttgart"$"https://d-nb.info/gnd/4058282-6"
"548"$"HB XVII 243a"$""$"https://digital.wlb-stuttgart.de/purl/bsz42283632X"$"https://digital.wlb-stuttgart.de/content/urn:nbn:de:bsz:24-digibib-bsz42283632X9/jpg/thumbs/00000001.jpg"$"Komplett"$"Original"$"Standard"$"Einzelseite"$""$""$"Württembergische Landesbibliothek Stuttgart"$"https://d-nb.info/gnd/40657-0"$"Stuttgart"$"https://d-nb.info/gnd/4058282-6"$"Württembergische Landesbibliothek Stuttgart"$"https://d-nb.info/gnd/40657-0"$"Stuttgart"$"https://d-nb.info/gnd/4058282-6"
"549"$"HB XVII 243b"$""$"https://digital.wlb-stuttgart.de/purl/bsz422836761"$"https://digital.wlb-stuttgart.de/content/urn:nbn:de:bsz:24-digibib-bsz4228367611/jpg/thumbs/00000001.jpg"$"Komplett"$"Original"$"Standard"$"Einzelseite"$""$""$"Württembergische Landesbibliothek Stuttgart"$"https://d-nb.info/gnd/40657-0"$"Stuttgart"$"https://d-nb.info/gnd/4058282-6"$"Württembergische Landesbibliothek Stuttgart"$"https://d-nb.info/gnd/40657-0"$"Stuttgart"$"https://d-nb.info/gnd/4058282-6"
"550"$"HB XVII 244a"$""$"https://digital.wlb-stuttgart.de/purl/bsz422837628"$"https://digital.wlb-stuttgart.de/content/urn:nbn:de:bsz:24-digibib-bsz4228376286/jpg/thumbs/00000001.jpg"$"Komplett"$"Original"$"Standard"$"Einzelseite"$""$""$"Württembergische Landesbibliothek Stuttgart"$"https://d-nb.info/gnd/40657-0"$"Stuttgart"$"https://d-nb.info/gnd/4058282-6"$"Württembergische Landesbibliothek Stuttgart"$"https://d-nb.info/gnd/40657-0"$"Stuttgart"$"https://d-nb.info/gnd/4058282-6"
"551"$"HB XVII 244b"$""$"https://digital.wlb-stuttgart.de/purl/bsz422837768"$"https://digital.wlb-stuttgart.de/content/urn:nbn:de:bsz:24-digibib-bsz4228377682/jpg/thumbs/00000001.jpg"$"Komplett"$"Original"$"Standard"$"Einzelseite"$""$""$"Württembergische Landesbibliothek Stuttgart"$"https://d-nb.info/gnd/40657-0"$"Stuttgart"$"https://d-nb.info/gnd/4058282-6"$"Württembergische Landesbibliothek Stuttgart"$"https://d-nb.info/gnd/40657-0"$"Stuttgart"$"https://d-nb.info/gnd/4058282-6"
"552"$"HB XVII 244c"$""$"https://digital.wlb-stuttgart.de/purl/bsz42283811X"$"https://digital.wlb-stuttgart.de/content/urn:nbn:de:bsz:24-digibib-bsz42283811X8/jpg/thumbs/00000001.jpg"$"Komplett"$"Original"$"Standard"$"Einzelseite"$""$""$"Württembergische Landesbibliothek Stuttgart"$"https://d-nb.info/gnd/40657-0"$"Stuttgart"$"https://d-nb.info/gnd/4058282-6"$"Württembergische Landesbibliothek Stuttgart"$"https://d-nb.info/gnd/40657-0"$"Stuttgart"$"https://d-nb.info/gnd/4058282-6"
"553"$"HB XVII 245a"$""$"https://digital.wlb-stuttgart.de/purl/bsz42283856X"$"https://digital.wlb-stuttgart.de/content/urn:nbn:de:bsz:24-digibib-bsz42283856X3/jpg/thumbs/00000001.jpg"$"Komplett"$"Original"$"Standard"$"Einzelseite"$""$""$"Württembergische Landesbibliothek Stuttgart"$"https://d-nb.info/gnd/40657-0"$"Stuttgart"$"https://d-nb.info/gnd/4058282-6"$"Württembergische Landesbibliothek Stuttgart"$"https://d-nb.info/gnd/40657-0"$"Stuttgart"$"https://d-nb.info/gnd/4058282-6"
"554"$"HB XVII 245b"$""$"https://digital.wlb-stuttgart.de/purl/bsz422838802"$"https://digital.wlb-stuttgart.de/content/urn:nbn:de:bsz:24-digibib-bsz4228388020/jpg/thumbs/00000001.jpg"$"Komplett"$"Original"$"Standard"$"Einzelseite"$""$""$"Württembergische Landesbibliothek Stuttgart"$"https://d-nb.info/gnd/40657-0"$"Stuttgart"$"https://d-nb.info/gnd/4058282-6"$"Württembergische Landesbibliothek Stuttgart"$"https://d-nb.info/gnd/40657-0"$"Stuttgart"$"https://d-nb.info/gnd/4058282-6"
"555"$"HB XVII 245c"$""$"https://digital.wlb-stuttgart.de/purl/bsz422839221"$"https://digital.wlb-stuttgart.de/content/urn:nbn:de:bsz:24-digibib-bsz4228392218/jpg/thumbs/00000001.jpg"$"Komplett"$"Original"$"Standard"$"Einzelseite"$""$""$"Württembergische Landesbibliothek Stuttgart"$"https://d-nb.info/gnd/40657-0"$"Stuttgart"$"https://d-nb.info/gnd/4058282-6"$"Württembergische Landesbibliothek Stuttgart"$"https://d-nb.info/gnd/40657-0"$"Stuttgart"$"https://d-nb.info/gnd/4058282-6"
"556"$"HB XVII 246a"$""$"https://digital.wlb-stuttgart.de/purl/bsz409614319"$"https://digital.wlb-stuttgart.de/content/urn:nbn:de:bsz:24-digibib-bsz4096143198/jpg/thumbs/00000001.jpg"$"Komplett"$"Original"$"Standard"$"Einzelseite"$""$""$"Württembergische Landesbibliothek Stuttgart"$"https://d-nb.info/gnd/40657-0"$"Stuttgart"$"https://d-nb.info/gnd/4058282-6"$"Württembergische Landesbibliothek Stuttgart"$"https://d-nb.info/gnd/40657-0"$"Stuttgart"$"https://d-nb.info/gnd/4058282-6"
"557"$"HB XVII 246b"$""$"https://digital.wlb-stuttgart.de/purl/bsz409616915"$"https://digital.wlb-stuttgart.de/content/urn:nbn:de:bsz:24-digibib-bsz4096169152/jpg/thumbs/00000001.jpg"$"Komplett"$"Original"$"Standard"$"Einzelseite"$""$""$"Württembergische Landesbibliothek Stuttgart"$"https://d-nb.info/gnd/40657-0"$"Stuttgart"$"https://d-nb.info/gnd/4058282-6"$"Württembergische Landesbibliothek Stuttgart"$"https://d-nb.info/gnd/40657-0"$"Stuttgart"$"https://d-nb.info/gnd/4058282-6"
"558"$"HB XVII 246c"$""$"https://digital.wlb-stuttgart.de/purl/bsz409618853"$"https://digital.wlb-stuttgart.de/content/urn:nbn:de:bsz:24-digibib-bsz4096188538/jpg/thumbs/00000001.jpg"$"Komplett"$"Original"$"Standard"$"Einzelseite"$""$""$"Württembergische Landesbibliothek Stuttgart"$"https://d-nb.info/gnd/40657-0"$"Stuttgart"$"https://d-nb.info/gnd/4058282-6"$"Württembergische Landesbibliothek Stuttgart"$"https://d-nb.info/gnd/40657-0"$"Stuttgart"$"https://d-nb.info/gnd/4058282-6"
"559"$"HB XVII 247a"$""$"https://digital.wlb-stuttgart.de/purl/bsz422839779"$"https://digital.wlb-stuttgart.de/content/urn:nbn:de:bsz:24-digibib-bsz4228397790/jpg/thumbs/00000001.jpg"$"Komplett"$"Original"$"Standard"$"Einzelseite"$""$""$"Württembergische Landesbibliothek Stuttgart"$"https://d-nb.info/gnd/40657-0"$"Stuttgart"$"https://d-nb.info/gnd/4058282-6"$"Württembergische Landesbibliothek Stuttgart"$"https://d-nb.info/gnd/40657-0"$"Stuttgart"$"https://d-nb.info/gnd/4058282-6"
"560"$"HB XVII 247b"$""$"https://digital.wlb-stuttgart.de/purl/bsz422840068"$"https://digital.wlb-stuttgart.de/content/urn:nbn:de:bsz:24-digibib-bsz4228400681/jpg/thumbs/00000001.jpg"$"Komplett"$"Original"$"Standard"$"Einzelseite"$""$""$"Württembergische Landesbibliothek Stuttgart"$"https://d-nb.info/gnd/40657-0"$"Stuttgart"$"https://d-nb.info/gnd/4058282-6"$"Württembergische Landesbibliothek Stuttgart"$"https://d-nb.info/gnd/40657-0"$"Stuttgart"$"https://d-nb.info/gnd/4058282-6"
"561"$"HB XVII 247c"$""$"https://digital.wlb-stuttgart.de/purl/bsz422840416"$"https://digital.wlb-stuttgart.de/content/urn:nbn:de:bsz:24-digibib-bsz4228404163/jpg/thumbs/00000001.jpg"$"Komplett"$"Original"$"Standard"$"Einzelseite"$""$""$"Württembergische Landesbibliothek Stuttgart"$"https://d-nb.info/gnd/40657-0"$"Stuttgart"$"https://d-nb.info/gnd/4058282-6"$"Württembergische Landesbibliothek Stuttgart"$"https://d-nb.info/gnd/40657-0"$"Stuttgart"$"https://d-nb.info/gnd/4058282-6"
"562"$"HB XVII 249a"$""$"https://digital.wlb-stuttgart.de/purl/bsz422840955"$"https://digital.wlb-stuttgart.de/content/urn:nbn:de:bsz:24-digibib-bsz4228409558/jpg/thumbs/00000001.jpg"$"Komplett"$"Original"$"Standard"$"Einzelseite"$""$""$"Württembergische Landesbibliothek Stuttgart"$"https://d-nb.info/gnd/40657-0"$"Stuttgart"$"https://d-nb.info/gnd/4058282-6"$"Württembergische Landesbibliothek Stuttgart"$"https://d-nb.info/gnd/40657-0"$"Stuttgart"$"https://d-nb.info/gnd/4058282-6"
"563"$"HB XVII 249b"$""$"https://digital.wlb-stuttgart.de/purl/bsz422841234"$"https://digital.wlb-stuttgart.de/content/urn:nbn:de:bsz:24-digibib-bsz4228412348/jpg/thumbs/00000001.jpg"$"Komplett"$"Original"$"Standard"$"Einzelseite"$""$""$"Württembergische Landesbibliothek Stuttgart"$"https://d-nb.info/gnd/40657-0"$"Stuttgart"$"https://d-nb.info/gnd/4058282-6"$"Württembergische Landesbibliothek Stuttgart"$"https://d-nb.info/gnd/40657-0"$"Stuttgart"$"https://d-nb.info/gnd/4058282-6"
"564"$"HB XVII 249c"$""$"https://digital.wlb-stuttgart.de/purl/bsz422841560"$"https://digital.wlb-stuttgart.de/content/urn:nbn:de:bsz:24-digibib-bsz4228415602/jpg/thumbs/00000001.jpg"$"Komplett"$"Original"$"Standard"$"Einzelseite"$""$""$"Württembergische Landesbibliothek Stuttgart"$"https://d-nb.info/gnd/40657-0"$"Stuttgart"$"https://d-nb.info/gnd/4058282-6"$"Württembergische Landesbibliothek Stuttgart"$"https://d-nb.info/gnd/40657-0"$"Stuttgart"$"https://d-nb.info/gnd/4058282-6"
"565"$"HB XVII 250a"$""$"https://digital.wlb-stuttgart.de/purl/bsz422841862"$"https://digital.wlb-stuttgart.de/content/urn:nbn:de:bsz:24-digibib-bsz4228418623/jpg/thumbs/00000001.jpg"$"Komplett"$"Original"$"Standard"$"Einzelseite"$""$""$"Württembergische Landesbibliothek Stuttgart"$"https://d-nb.info/gnd/40657-0"$"Stuttgart"$"https://d-nb.info/gnd/4058282-6"$"Württembergische Landesbibliothek Stuttgart"$"https://d-nb.info/gnd/40657-0"$"Stuttgart"$"https://d-nb.info/gnd/4058282-6"
"566"$"HB XVII 250b"$""$"https://digital.wlb-stuttgart.de/purl/bsz422841994"$"https://digital.wlb-stuttgart.de/content/urn:nbn:de:bsz:24-digibib-bsz4228419949/jpg/thumbs/00000001.jpg"$"Komplett"$"Original"$"Standard"$"Einzelseite"$""$""$"Württembergische Landesbibliothek Stuttgart"$"https://d-nb.info/gnd/40657-0"$"Stuttgart"$"https://d-nb.info/gnd/4058282-6"$"Württembergische Landesbibliothek Stuttgart"$"https://d-nb.info/gnd/40657-0"$"Stuttgart"$"https://d-nb.info/gnd/4058282-6"
"567"$"HB XVII 250c"$""$"https://digital.wlb-stuttgart.de/purl/bsz422842206"$"https://digital.wlb-stuttgart.de/content/urn:nbn:de:bsz:24-digibib-bsz4228422064/jpg/thumbs/00000001.jpg"$"Komplett"$"Original"$"Standard"$"Einzelseite"$""$""$"Württembergische Landesbibliothek Stuttgart"$"https://d-nb.info/gnd/40657-0"$"Stuttgart"$"https://d-nb.info/gnd/4058282-6"$"Württembergische Landesbibliothek Stuttgart"$"https://d-nb.info/gnd/40657-0"$"Stuttgart"$"https://d-nb.info/gnd/4058282-6"
"568"$"HB XVII 252a"$""$"https://digital.wlb-stuttgart.de/purl/bsz422855502"$"https://digital.wlb-stuttgart.de/content/urn:nbn:de:bsz:24-digibib-bsz4228555025/jpg/thumbs/00000001.jpg"$"Komplett"$"Original"$"Standard"$"Einzelseite"$""$""$"Württembergische Landesbibliothek Stuttgart"$"https://d-nb.info/gnd/40657-0"$"Stuttgart"$"https://d-nb.info/gnd/4058282-6"$"Württembergische Landesbibliothek Stuttgart"$"https://d-nb.info/gnd/40657-0"$"Stuttgart"$"https://d-nb.info/gnd/4058282-6"
"569"$"HB XVII 252b"$""$"https://digital.wlb-stuttgart.de/purl/bsz42285560X"$"https://digital.wlb-stuttgart.de/content/urn:nbn:de:bsz:24-digibib-bsz42285560X9/jpg/thumbs/00000001.jpg"$"Komplett"$"Original"$"Standard"$"Einzelseite"$""$""$"Württembergische Landesbibliothek Stuttgart"$"https://d-nb.info/gnd/40657-0"$"Stuttgart"$"https://d-nb.info/gnd/4058282-6"$"Württembergische Landesbibliothek Stuttgart"$"https://d-nb.info/gnd/40657-0"$"Stuttgart"$"https://d-nb.info/gnd/4058282-6"
"570"$"HB XVII 252c"$""$"https://digital.wlb-stuttgart.de/purl/bsz42285574X"$"https://digital.wlb-stuttgart.de/content/urn:nbn:de:bsz:24-digibib-bsz42285574X2/jpg/thumbs/00000001.jpg"$"Komplett"$"Original"$"Standard"$"Einzelseite"$""$""$"Württembergische Landesbibliothek Stuttgart"$"https://d-nb.info/gnd/40657-0"$"Stuttgart"$"https://d-nb.info/gnd/4058282-6"$"Württembergische Landesbibliothek Stuttgart"$"https://d-nb.info/gnd/40657-0"$"Stuttgart"$"https://d-nb.info/gnd/4058282-6"
"571"$"HB XVII 253 I"$""$"https://digital.wlb-stuttgart.de/purl/bsz422869287"$"https://digital.wlb-stuttgart.de/content/urn:nbn:de:bsz:24-digibib-bsz4228692878/jpg/thumbs/00000001.jpg"$"Komplett"$"Original"$"Standard"$"Einzelseite"$""$""$"Württembergische Landesbibliothek Stuttgart"$"https://d-nb.info/gnd/40657-0"$"Stuttgart"$"https://d-nb.info/gnd/4058282-6"$"Württembergische Landesbibliothek Stuttgart"$"https://d-nb.info/gnd/40657-0"$"Stuttgart"$"https://d-nb.info/gnd/4058282-6"
"572"$"HB XVII 253a"$""$"https://digital.wlb-stuttgart.de/purl/bsz422856134"$"https://digital.wlb-stuttgart.de/content/urn:nbn:de:bsz:24-digibib-bsz4228561349/jpg/thumbs/00000001.jpg"$"Komplett"$"Original"$"Standard"$"Einzelseite"$""$""$"Württembergische Landesbibliothek Stuttgart"$"https://d-nb.info/gnd/40657-0"$"Stuttgart"$"https://d-nb.info/gnd/4058282-6"$"Württembergische Landesbibliothek Stuttgart"$"https://d-nb.info/gnd/40657-0"$"Stuttgart"$"https://d-nb.info/gnd/4058282-6"
"573"$"HB XVII 253b"$""$"https://digital.wlb-stuttgart.de/purl/bsz422856398"$"https://digital.wlb-stuttgart.de/content/urn:nbn:de:bsz:24-digibib-bsz4228563987/jpg/thumbs/00000001.jpg"$"Komplett"$"Original"$"Standard"$"Einzelseite"$""$""$"Württembergische Landesbibliothek Stuttgart"$"https://d-nb.info/gnd/40657-0"$"Stuttgart"$"https://d-nb.info/gnd/4058282-6"$"Württembergische Landesbibliothek Stuttgart"$"https://d-nb.info/gnd/40657-0"$"Stuttgart"$"https://d-nb.info/gnd/4058282-6"
"574"$"HB XVII 253c"$""$"https://digital.wlb-stuttgart.de/purl/bsz422856614"$"https://digital.wlb-stuttgart.de/content/urn:nbn:de:bsz:24-digibib-bsz4228566147/jpg/thumbs/00000001.jpg"$"Komplett"$"Original"$"Standard"$"Einzelseite"$""$""$"Württembergische Landesbibliothek Stuttgart"$"https://d-nb.info/gnd/40657-0"$"Stuttgart"$"https://d-nb.info/gnd/4058282-6"$"Württembergische Landesbibliothek Stuttgart"$"https://d-nb.info/gnd/40657-0"$"Stuttgart"$"https://d-nb.info/gnd/4058282-6"
"575"$"HB XVII 266"$""$"https://digital.wlb-stuttgart.de/purl/bsz377978868"$"https://digital.wlb-stuttgart.de/content/urn:nbn:de:bsz:24-digibib-bsz3779788689/jpg/thumbs/00000001.jpg"$"Komplett"$"Original"$"Standard"$"Einzelseite"$""$""$"Württembergische Landesbibliothek Stuttgart"$"https://d-nb.info/gnd/40657-0"$"Stuttgart"$"https://d-nb.info/gnd/4058282-6"$"Württembergische Landesbibliothek Stuttgart"$"https://d-nb.info/gnd/40657-0"$"Stuttgart"$"https://d-nb.info/gnd/4058282-6"
"576"$"HB XVII 268"$""$"https://digital.wlb-stuttgart.de/purl/bsz378245902"$"https://digital.wlb-stuttgart.de/content/urn:nbn:de:bsz:24-digibib-bsz3782459021/jpg/thumbs/00000001.jpg"$"Komplett"$"Original"$"Standard"$"Einzelseite"$""$""$"Württembergische Landesbibliothek Stuttgart"$"https://d-nb.info/gnd/40657-0"$"Stuttgart"$"https://d-nb.info/gnd/4058282-6"$"Württembergische Landesbibliothek Stuttgart"$"https://d-nb.info/gnd/40657-0"$"Stuttgart"$"https://d-nb.info/gnd/4058282-6"
"577"$"HB XVII 281"$""$"https://digital.wlb-stuttgart.de/purl/kxp180008806X"$"https://digital.wlb-stuttgart.de/content/urn:nbn:de:bsz:24-digibib-kxp180008806X2/jpg/thumbs/00000001.jpg"$"Komplett"$"Original"$"Standard"$"Einzelseite"$""$""$"Württembergische Landesbibliothek Stuttgart"$"https://d-nb.info/gnd/40657-0"$"Stuttgart"$"https://d-nb.info/gnd/4058282-6"$"Württembergische Landesbibliothek Stuttgart"$"https://d-nb.info/gnd/40657-0"$"Stuttgart"$"https://d-nb.info/gnd/4058282-6"
"578"$"HB XVII 29a"$""$"https://digital.wlb-stuttgart.de/purl/bsz454082770"$"https://digital.wlb-stuttgart.de/content/urn:nbn:de:bsz:24-digibib-bsz4540827700/jpg/thumbs/00000001.jpg"$"Komplett"$"Original"$"Standard"$"Einzelseite"$""$""$"Württembergische Landesbibliothek Stuttgart"$"https://d-nb.info/gnd/40657-0"$"Stuttgart"$"https://d-nb.info/gnd/4058282-6"$"Württembergische Landesbibliothek Stuttgart"$"https://d-nb.info/gnd/40657-0"$"Stuttgart"$"https://d-nb.info/gnd/4058282-6"
"579"$"HB XVII 29b"$""$"https://digital.wlb-stuttgart.de/purl/bsz454082975"$"https://digital.wlb-stuttgart.de/content/urn:nbn:de:bsz:24-digibib-bsz4540829750/jpg/thumbs/00000001.jpg"$"Komplett"$"Original"$"Standard"$"Einzelseite"$""$""$"Württembergische Landesbibliothek Stuttgart"$"https://d-nb.info/gnd/40657-0"$"Stuttgart"$"https://d-nb.info/gnd/4058282-6"$"Württembergische Landesbibliothek Stuttgart"$"https://d-nb.info/gnd/40657-0"$"Stuttgart"$"https://d-nb.info/gnd/4058282-6"
"580"$"HB XVII 30"$""$"https://digital.wlb-stuttgart.de/purl/bsz45407994X"$"https://digital.wlb-stuttgart.de/content/urn:nbn:de:bsz:24-digibib-bsz45407994X5/jpg/thumbs/00000001.jpg"$"Komplett"$"Original"$"Standard"$"Einzelseite"$""$""$"Württembergische Landesbibliothek Stuttgart"$"https://d-nb.info/gnd/40657-0"$"Stuttgart"$"https://d-nb.info/gnd/4058282-6"$"Württembergische Landesbibliothek Stuttgart"$"https://d-nb.info/gnd/40657-0"$"Stuttgart"$"https://d-nb.info/gnd/4058282-6"
"581"$"HB XVII 31"$""$"https://digital.wlb-stuttgart.de/purl/bsz454413386"$"https://digital.wlb-stuttgart.de/content/urn:nbn:de:bsz:24-digibib-bsz4544133866/jpg/thumbs/00000001.jpg"$"Komplett"$"Original"$"Standard"$"Einzelseite"$""$""$"Württembergische Landesbibliothek Stuttgart"$"https://d-nb.info/gnd/40657-0"$"Stuttgart"$"https://d-nb.info/gnd/4058282-6"$"Württembergische Landesbibliothek Stuttgart"$"https://d-nb.info/gnd/40657-0"$"Stuttgart"$"https://d-nb.info/gnd/4058282-6"
"582"$"HB XVII 351a"$""$"https://digital.wlb-stuttgart.de/purl/bsz415072174"$"https://digital.wlb-stuttgart.de/content/urn:nbn:de:bsz:24-digibib-bsz4150721743/jpg/thumbs/00000001.jpg"$"Komplett"$"Original"$"Standard"$"Einzelseite"$""$""$"Württembergische Landesbibliothek Stuttgart"$"https://d-nb.info/gnd/40657-0"$"Stuttgart"$"https://d-nb.info/gnd/4058282-6"$"Württembergische Landesbibliothek Stuttgart"$"https://d-nb.info/gnd/40657-0"$"Stuttgart"$"https://d-nb.info/gnd/4058282-6"
"583"$"HB XVII 351b"$""$"https://digital.wlb-stuttgart.de/purl/bsz41507259X"$"https://digital.wlb-stuttgart.de/content/urn:nbn:de:bsz:24-digibib-bsz41507259X2/jpg/thumbs/00000001.jpg"$"Komplett"$"Original"$"Standard"$"Einzelseite"$""$""$"Württembergische Landesbibliothek Stuttgart"$"https://d-nb.info/gnd/40657-0"$"Stuttgart"$"https://d-nb.info/gnd/4058282-6"$"Württembergische Landesbibliothek Stuttgart"$"https://d-nb.info/gnd/40657-0"$"Stuttgart"$"https://d-nb.info/gnd/4058282-6"
"584"$"HB XVII 351c"$""$"https://digital.wlb-stuttgart.de/purl/bsz415075076"$"https://digital.wlb-stuttgart.de/content/urn:nbn:de:bsz:24-digibib-bsz4150750761/jpg/thumbs/00000001.jpg"$"Komplett"$"Original"$"Standard"$"Einzelseite"$""$""$"Württembergische Landesbibliothek Stuttgart"$"https://d-nb.info/gnd/40657-0"$"Stuttgart"$"https://d-nb.info/gnd/4058282-6"$"Württembergische Landesbibliothek Stuttgart"$"https://d-nb.info/gnd/40657-0"$"Stuttgart"$"https://d-nb.info/gnd/4058282-6"
"585"$"HB XVII 351d"$""$"https://digital.wlb-stuttgart.de/purl/bsz41507522X"$"https://digital.wlb-stuttgart.de/content/urn:nbn:de:bsz:24-digibib-bsz41507522X8/jpg/thumbs/00000001.jpg"$"Komplett"$"Original"$"Standard"$"Einzelseite"$""$""$"Württembergische Landesbibliothek Stuttgart"$"https://d-nb.info/gnd/40657-0"$"Stuttgart"$"https://d-nb.info/gnd/4058282-6"$"Württembergische Landesbibliothek Stuttgart"$"https://d-nb.info/gnd/40657-0"$"Stuttgart"$"https://d-nb.info/gnd/4058282-6"
"586"$"HB XVII 351e"$""$"https://digital.wlb-stuttgart.de/purl/bsz415075378"$"https://digital.wlb-stuttgart.de/content/urn:nbn:de:bsz:24-digibib-bsz4150753784/jpg/thumbs/00000001.jpg"$"Komplett"$"Original"$"Standard"$"Einzelseite"$""$""$"Württembergische Landesbibliothek Stuttgart"$"https://d-nb.info/gnd/40657-0"$"Stuttgart"$"https://d-nb.info/gnd/4058282-6"$"Württembergische Landesbibliothek Stuttgart"$"https://d-nb.info/gnd/40657-0"$"Stuttgart"$"https://d-nb.info/gnd/4058282-6"
"587"$"HB XVII 366 I"$""$"https://digital.wlb-stuttgart.de/purl/bsz412028220"$"https://digital.wlb-stuttgart.de/content/urn:nbn:de:bsz:24-digibib-bsz4120282201/jpg/thumbs/00000001.jpg"$"Komplett"$"Original"$"Standard"$"Einzelseite"$""$""$"Württembergische Landesbibliothek Stuttgart"$"https://d-nb.info/gnd/40657-0"$"Stuttgart"$"https://d-nb.info/gnd/4058282-6"$"Württembergische Landesbibliothek Stuttgart"$"https://d-nb.info/gnd/40657-0"$"Stuttgart"$"https://d-nb.info/gnd/4058282-6"
"588"$"HB XVII 373"$""$"https://digital.wlb-stuttgart.de/purl/bsz409721263"$"https://digital.wlb-stuttgart.de/content/urn:nbn:de:bsz:24-digibib-bsz4097212639/jpg/thumbs/00000001.jpg"$"Komplett"$"Original"$"Standard"$"Einzelseite"$""$""$"Württembergische Landesbibliothek Stuttgart"$"https://d-nb.info/gnd/40657-0"$"Stuttgart"$"https://d-nb.info/gnd/4058282-6"$"Württembergische Landesbibliothek Stuttgart"$"https://d-nb.info/gnd/40657-0"$"Stuttgart"$"https://d-nb.info/gnd/4058282-6"
"589"$"HB XVII 4"$""$"https://digital.wlb-stuttgart.de/purl/bsz409500127"$"https://digital.wlb-stuttgart.de/content/urn:nbn:de:bsz:24-digibib-bsz4095001273/jpg/thumbs/00000001.jpg"$"Komplett"$"Original"$"Standard"$"Einzelseite"$""$""$"Württembergische Landesbibliothek Stuttgart"$"https://d-nb.info/gnd/40657-0"$"Stuttgart"$"https://d-nb.info/gnd/4058282-6"$"Württembergische Landesbibliothek Stuttgart"$"https://d-nb.info/gnd/40657-0"$"Stuttgart"$"https://d-nb.info/gnd/4058282-6"
"590"$"HB XVII 400"$""$"https://digital.wlb-stuttgart.de/purl/bsz409722367"$"https://digital.wlb-stuttgart.de/content/urn:nbn:de:bsz:24-digibib-bsz4097223678/jpg/thumbs/00000001.jpg"$"Komplett"$"Original"$"Standard"$"Einzelseite"$""$""$"Württembergische Landesbibliothek Stuttgart"$"https://d-nb.info/gnd/40657-0"$"Stuttgart"$"https://d-nb.info/gnd/4058282-6"$"Württembergische Landesbibliothek Stuttgart"$"https://d-nb.info/gnd/40657-0"$"Stuttgart"$"https://d-nb.info/gnd/4058282-6"
"591"$"HB XVII 403"$""$"https://digital.wlb-stuttgart.de/purl/bsz494613033"$"https://digital.wlb-stuttgart.de/content/urn:nbn:de:bsz:24-digibib-bsz4946130338/jpg/thumbs/00000001.jpg"$"Komplett"$"Original"$"Standard"$"Einzelseite"$""$""$"Württembergische Landesbibliothek Stuttgart"$"https://d-nb.info/gnd/40657-0"$"Stuttgart"$"https://d-nb.info/gnd/4058282-6"$"Württembergische Landesbibliothek Stuttgart"$"https://d-nb.info/gnd/40657-0"$"Stuttgart"$"https://d-nb.info/gnd/4058282-6"
"592"$"HB XVII 404"$""$"https://digital.wlb-stuttgart.de/purl/bsz494566914"$"https://digital.wlb-stuttgart.de/content/urn:nbn:de:bsz:24-digibib-bsz4945669144/jpg/thumbs/00000001.jpg"$"Komplett"$"Original"$"Standard"$"Einzelseite"$""$""$"Württembergische Landesbibliothek Stuttgart"$"https://d-nb.info/gnd/40657-0"$"Stuttgart"$"https://d-nb.info/gnd/4058282-6"$"Württembergische Landesbibliothek Stuttgart"$"https://d-nb.info/gnd/40657-0"$"Stuttgart"$"https://d-nb.info/gnd/4058282-6"
"593"$"HB XVII 405"$""$"https://digital.wlb-stuttgart.de/purl/bsz494571292"$"https://digital.wlb-stuttgart.de/content/urn:nbn:de:bsz:24-digibib-bsz4945712926/jpg/thumbs/00000001.jpg"$"Komplett"$"Original"$"Standard"$"Einzelseite"$""$""$"Württembergische Landesbibliothek Stuttgart"$"https://d-nb.info/gnd/40657-0"$"Stuttgart"$"https://d-nb.info/gnd/4058282-6"$"Württembergische Landesbibliothek Stuttgart"$"https://d-nb.info/gnd/40657-0"$"Stuttgart"$"https://d-nb.info/gnd/4058282-6"
"594"$"HB XVII 406"$""$"https://digital.wlb-stuttgart.de/purl/bsz494605847"$"https://digital.wlb-stuttgart.de/content/urn:nbn:de:bsz:24-digibib-bsz4946058472/jpg/thumbs/00000001.jpg"$"Komplett"$"Original"$"Standard"$"Einzelseite"$""$""$"Württembergische Landesbibliothek Stuttgart"$"https://d-nb.info/gnd/40657-0"$"Stuttgart"$"https://d-nb.info/gnd/4058282-6"$"Württembergische Landesbibliothek Stuttgart"$"https://d-nb.info/gnd/40657-0"$"Stuttgart"$"https://d-nb.info/gnd/4058282-6"
"595"$"HB XVII 407"$""$"https://digital.wlb-stuttgart.de/purl/bsz494606444"$"https://digital.wlb-stuttgart.de/content/urn:nbn:de:bsz:24-digibib-bsz4946064449/jpg/thumbs/00000001.jpg"$"Komplett"$"Original"$"Standard"$"Einzelseite"$""$""$"Württembergische Landesbibliothek Stuttgart"$"https://d-nb.info/gnd/40657-0"$"Stuttgart"$"https://d-nb.info/gnd/4058282-6"$"Württembergische Landesbibliothek Stuttgart"$"https://d-nb.info/gnd/40657-0"$"Stuttgart"$"https://d-nb.info/gnd/4058282-6"
"596"$"HB XVII 408"$""$"https://digital.wlb-stuttgart.de/purl/bsz494607599"$"https://digital.wlb-stuttgart.de/content/urn:nbn:de:bsz:24-digibib-bsz4946075991/jpg/thumbs/00000001.jpg"$"Komplett"$"Original"$"Standard"$"Einzelseite"$""$""$"Württembergische Landesbibliothek Stuttgart"$"https://d-nb.info/gnd/40657-0"$"Stuttgart"$"https://d-nb.info/gnd/4058282-6"$"Württembergische Landesbibliothek Stuttgart"$"https://d-nb.info/gnd/40657-0"$"Stuttgart"$"https://d-nb.info/gnd/4058282-6"
"597"$"HB XVII 409"$""$"https://digital.wlb-stuttgart.de/purl/bsz494609125"$"https://digital.wlb-stuttgart.de/content/urn:nbn:de:bsz:24-digibib-bsz4946091259/jpg/thumbs/00000001.jpg"$"Komplett"$"Original"$"Standard"$"Einzelseite"$""$""$"Württembergische Landesbibliothek Stuttgart"$"https://d-nb.info/gnd/40657-0"$"Stuttgart"$"https://d-nb.info/gnd/4058282-6"$"Württembergische Landesbibliothek Stuttgart"$"https://d-nb.info/gnd/40657-0"$"Stuttgart"$"https://d-nb.info/gnd/4058282-6"
"598"$"HB XVII 410"$""$"https://digital.wlb-stuttgart.de/purl/bsz494614420"$"https://digital.wlb-stuttgart.de/content/urn:nbn:de:bsz:24-digibib-bsz4946144209/jpg/thumbs/00000001.jpg"$"Komplett"$"Original"$"Standard"$"Einzelseite"$""$""$"Württembergische Landesbibliothek Stuttgart"$"https://d-nb.info/gnd/40657-0"$"Stuttgart"$"https://d-nb.info/gnd/4058282-6"$"Württembergische Landesbibliothek Stuttgart"$"https://d-nb.info/gnd/40657-0"$"Stuttgart"$"https://d-nb.info/gnd/4058282-6"
"599"$"HB XVII 411"$""$"https://digital.wlb-stuttgart.de/purl/bsz494617039"$"https://digital.wlb-stuttgart.de/content/urn:nbn:de:bsz:24-digibib-bsz4946170392/jpg/thumbs/00000001.jpg"$"Komplett"$"Original"$"Standard"$"Einzelseite"$""$""$"Württembergische Landesbibliothek Stuttgart"$"https://d-nb.info/gnd/40657-0"$"Stuttgart"$"https://d-nb.info/gnd/4058282-6"$"Württembergische Landesbibliothek Stuttgart"$"https://d-nb.info/gnd/40657-0"$"Stuttgart"$"https://d-nb.info/gnd/4058282-6"
"600"$"HB XVII 412"$""$"https://digital.wlb-stuttgart.de/purl/bsz494618345"$"https://digital.wlb-stuttgart.de/content/urn:nbn:de:bsz:24-digibib-bsz4946183452/jpg/thumbs/00000001.jpg"$"Komplett"$"Original"$"Standard"$"Einzelseite"$""$""$"Württembergische Landesbibliothek Stuttgart"$"https://d-nb.info/gnd/40657-0"$"Stuttgart"$"https://d-nb.info/gnd/4058282-6"$"Württembergische Landesbibliothek Stuttgart"$"https://d-nb.info/gnd/40657-0"$"Stuttgart"$"https://d-nb.info/gnd/4058282-6"
"601"$"HB XVII 413"$""$"https://digital.wlb-stuttgart.de/purl/bsz49462020X"$"https://digital.wlb-stuttgart.de/content/urn:nbn:de:bsz:24-digibib-bsz49462020X9/jpg/thumbs/00000001.jpg"$"Komplett"$"Original"$"Standard"$"Einzelseite"$""$""$"Württembergische Landesbibliothek Stuttgart"$"https://d-nb.info/gnd/40657-0"$"Stuttgart"$"https://d-nb.info/gnd/4058282-6"$"Württembergische Landesbibliothek Stuttgart"$"https://d-nb.info/gnd/40657-0"$"Stuttgart"$"https://d-nb.info/gnd/4058282-6"
"602"$"HB XVII 414"$""$"https://digital.wlb-stuttgart.de/purl/bsz494621613"$"https://digital.wlb-stuttgart.de/content/urn:nbn:de:bsz:24-digibib-bsz4946216135/jpg/thumbs/00000001.jpg"$"Komplett"$"Original"$"Standard"$"Einzelseite"$""$""$"Württembergische Landesbibliothek Stuttgart"$"https://d-nb.info/gnd/40657-0"$"Stuttgart"$"https://d-nb.info/gnd/4058282-6"$"Württembergische Landesbibliothek Stuttgart"$"https://d-nb.info/gnd/40657-0"$"Stuttgart"$"https://d-nb.info/gnd/4058282-6"
"603"$"HB XVII 449"$""$"https://digital.wlb-stuttgart.de/purl/bsz409726087"$"https://digital.wlb-stuttgart.de/content/urn:nbn:de:bsz:24-digibib-bsz4097260872/jpg/thumbs/00000001.jpg"$"Komplett"$"Original"$"Standard"$"Einzelseite"$""$""$"Württembergische Landesbibliothek Stuttgart"$"https://d-nb.info/gnd/40657-0"$"Stuttgart"$"https://d-nb.info/gnd/4058282-6"$"Württembergische Landesbibliothek Stuttgart"$"https://d-nb.info/gnd/40657-0"$"Stuttgart"$"https://d-nb.info/gnd/4058282-6"
"604"$"HB XVII 454a"$""$"https://digital.wlb-stuttgart.de/purl/bsz40994131X"$"https://digital.wlb-stuttgart.de/content/urn:nbn:de:bsz:24-digibib-bsz40994131X5/jpg/thumbs/00000001.jpg"$"Komplett"$"Original"$"Standard"$"Einzelseite"$""$""$"Württembergische Landesbibliothek Stuttgart"$"https://d-nb.info/gnd/40657-0"$"Stuttgart"$"https://d-nb.info/gnd/4058282-6"$"Württembergische Landesbibliothek Stuttgart"$"https://d-nb.info/gnd/40657-0"$"Stuttgart"$"https://d-nb.info/gnd/4058282-6"
"605"$"HB XVII 454b"$""$"https://digital.wlb-stuttgart.de/purl/bsz409942200"$"https://digital.wlb-stuttgart.de/content/urn:nbn:de:bsz:24-digibib-bsz4099422006/jpg/thumbs/00000001.jpg"$"Komplett"$"Original"$"Standard"$"Einzelseite"$""$""$"Württembergische Landesbibliothek Stuttgart"$"https://d-nb.info/gnd/40657-0"$"Stuttgart"$"https://d-nb.info/gnd/4058282-6"$"Württembergische Landesbibliothek Stuttgart"$"https://d-nb.info/gnd/40657-0"$"Stuttgart"$"https://d-nb.info/gnd/4058282-6"
"606"$"HB XVII 454c"$""$"https://digital.wlb-stuttgart.de/purl/bsz409942634"$"https://digital.wlb-stuttgart.de/content/urn:nbn:de:bsz:24-digibib-bsz4099426344/jpg/thumbs/00000001.jpg"$"Komplett"$"Original"$"Standard"$"Einzelseite"$""$""$"Württembergische Landesbibliothek Stuttgart"$"https://d-nb.info/gnd/40657-0"$"Stuttgart"$"https://d-nb.info/gnd/4058282-6"$"Württembergische Landesbibliothek Stuttgart"$"https://d-nb.info/gnd/40657-0"$"Stuttgart"$"https://d-nb.info/gnd/4058282-6"
"607"$"HB XVII 486a"$""$"https://digital.wlb-stuttgart.de/purl/bsz412061643"$"https://digital.wlb-stuttgart.de/content/urn:nbn:de:bsz:24-digibib-bsz4120616434/jpg/thumbs/00000001.jpg"$"Komplett"$"Original"$"Standard"$"Einzelseite"$""$""$"Württembergische Landesbibliothek Stuttgart"$"https://d-nb.info/gnd/40657-0"$"Stuttgart"$"https://d-nb.info/gnd/4058282-6"$"Württembergische Landesbibliothek Stuttgart"$"https://d-nb.info/gnd/40657-0"$"Stuttgart"$"https://d-nb.info/gnd/4058282-6"
"608"$"HB XVII 529a"$""$"https://digital.wlb-stuttgart.de/purl/bsz409992380"$"https://digital.wlb-stuttgart.de/content/urn:nbn:de:bsz:24-digibib-bsz4099923807/jpg/thumbs/00000001.jpg"$"Komplett"$"Original"$"Standard"$"Einzelseite"$""$""$"Württembergische Landesbibliothek Stuttgart"$"https://d-nb.info/gnd/40657-0"$"Stuttgart"$"https://d-nb.info/gnd/4058282-6"$"Württembergische Landesbibliothek Stuttgart"$"https://d-nb.info/gnd/40657-0"$"Stuttgart"$"https://d-nb.info/gnd/4058282-6"
"609"$"HB XVII 529b"$""$"https://digital.wlb-stuttgart.de/purl/bsz409992615"$"https://digital.wlb-stuttgart.de/content/urn:nbn:de:bsz:24-digibib-bsz4099926157/jpg/thumbs/00000001.jpg"$"Komplett"$"Original"$"Standard"$"Einzelseite"$""$""$"Württembergische Landesbibliothek Stuttgart"$"https://d-nb.info/gnd/40657-0"$"Stuttgart"$"https://d-nb.info/gnd/4058282-6"$"Württembergische Landesbibliothek Stuttgart"$"https://d-nb.info/gnd/40657-0"$"Stuttgart"$"https://d-nb.info/gnd/4058282-6"
"610"$"HB XVII 695a"$""$"https://digital.wlb-stuttgart.de/purl/bsz454083467"$"https://digital.wlb-stuttgart.de/content/urn:nbn:de:bsz:24-digibib-bsz4540834679/jpg/thumbs/00000001.jpg"$"Komplett"$"Original"$"Standard"$"Einzelseite"$""$""$"Württembergische Landesbibliothek Stuttgart"$"https://d-nb.info/gnd/40657-0"$"Stuttgart"$"https://d-nb.info/gnd/4058282-6"$"Württembergische Landesbibliothek Stuttgart"$"https://d-nb.info/gnd/40657-0"$"Stuttgart"$"https://d-nb.info/gnd/4058282-6"
"611"$"HB XVII 695b"$""$"https://digital.wlb-stuttgart.de/purl/bsz454083645"$"https://digital.wlb-stuttgart.de/content/urn:nbn:de:bsz:24-digibib-bsz4540836457/jpg/thumbs/00000001.jpg"$"Komplett"$"Original"$"Standard"$"Einzelseite"$""$""$"Württembergische Landesbibliothek Stuttgart"$"https://d-nb.info/gnd/40657-0"$"Stuttgart"$"https://d-nb.info/gnd/4058282-6"$"Württembergische Landesbibliothek Stuttgart"$"https://d-nb.info/gnd/40657-0"$"Stuttgart"$"https://d-nb.info/gnd/4058282-6"
"612"$"HB XVII 696"$""$"https://digital.wlb-stuttgart.de/purl/bsz454414021"$"https://digital.wlb-stuttgart.de/content/urn:nbn:de:bsz:24-digibib-bsz4544140215/jpg/thumbs/00000001.jpg"$"Komplett"$"Original"$"Standard"$"Einzelseite"$""$""$"Württembergische Landesbibliothek Stuttgart"$"https://d-nb.info/gnd/40657-0"$"Stuttgart"$"https://d-nb.info/gnd/4058282-6"$"Württembergische Landesbibliothek Stuttgart"$"https://d-nb.info/gnd/40657-0"$"Stuttgart"$"https://d-nb.info/gnd/4058282-6"
"613"$"HB XVII 698"$""$"https://digital.wlb-stuttgart.de/purl/bsz454078722"$"https://digital.wlb-stuttgart.de/content/urn:nbn:de:bsz:24-digibib-bsz4540787220/jpg/thumbs/00000001.jpg"$"Komplett"$"Original"$"Standard"$"Einzelseite"$""$""$"Württembergische Landesbibliothek Stuttgart"$"https://d-nb.info/gnd/40657-0"$"Stuttgart"$"https://d-nb.info/gnd/4058282-6"$"Württembergische Landesbibliothek Stuttgart"$"https://d-nb.info/gnd/40657-0"$"Stuttgart"$"https://d-nb.info/gnd/4058282-6"
"614"$"HB XVII 699"$""$"https://digital.wlb-stuttgart.de/purl/bsz454079370"$"https://digital.wlb-stuttgart.de/content/urn:nbn:de:bsz:24-digibib-bsz4540793705/jpg/thumbs/00000001.jpg"$"Komplett"$"Original"$"Standard"$"Einzelseite"$""$""$"Württembergische Landesbibliothek Stuttgart"$"https://d-nb.info/gnd/40657-0"$"Stuttgart"$"https://d-nb.info/gnd/4058282-6"$"Württembergische Landesbibliothek Stuttgart"$"https://d-nb.info/gnd/40657-0"$"Stuttgart"$"https://d-nb.info/gnd/4058282-6"
"615"$"HB XVII 730a"$""$"https://digital.wlb-stuttgart.de/purl/bsz422857033"$"https://digital.wlb-stuttgart.de/content/urn:nbn:de:bsz:24-digibib-bsz4228570335/jpg/thumbs/00000001.jpg"$"Komplett"$"Original"$"Standard"$"Einzelseite"$""$""$"Württembergische Landesbibliothek Stuttgart"$"https://d-nb.info/gnd/40657-0"$"Stuttgart"$"https://d-nb.info/gnd/4058282-6"$"Württembergische Landesbibliothek Stuttgart"$"https://d-nb.info/gnd/40657-0"$"Stuttgart"$"https://d-nb.info/gnd/4058282-6"
"616"$"HB XVII 730b"$""$"https://digital.wlb-stuttgart.de/purl/bsz422857300"$"https://digital.wlb-stuttgart.de/content/urn:nbn:de:bsz:24-digibib-bsz4228573005/jpg/thumbs/00000001.jpg"$"Komplett"$"Original"$"Standard"$"Einzelseite"$""$""$"Württembergische Landesbibliothek Stuttgart"$"https://d-nb.info/gnd/40657-0"$"Stuttgart"$"https://d-nb.info/gnd/4058282-6"$"Württembergische Landesbibliothek Stuttgart"$"https://d-nb.info/gnd/40657-0"$"Stuttgart"$"https://d-nb.info/gnd/4058282-6"
"617"$"HB XVII 730c"$""$"https://digital.wlb-stuttgart.de/purl/bsz422857610"$"https://digital.wlb-stuttgart.de/content/urn:nbn:de:bsz:24-digibib-bsz4228576108/jpg/thumbs/00000001.jpg"$"Komplett"$"Original"$"Standard"$"Einzelseite"$""$""$"Württembergische Landesbibliothek Stuttgart"$"https://d-nb.info/gnd/40657-0"$"Stuttgart"$"https://d-nb.info/gnd/4058282-6"$"Württembergische Landesbibliothek Stuttgart"$"https://d-nb.info/gnd/40657-0"$"Stuttgart"$"https://d-nb.info/gnd/4058282-6"
"618"$"HB XVII 832"$""$"https://digital.wlb-stuttgart.de/purl/bsz454414587"$"https://digital.wlb-stuttgart.de/content/urn:nbn:de:bsz:24-digibib-bsz4544145877/jpg/thumbs/00000001.jpg"$"Komplett"$"Original"$"Standard"$"Einzelseite"$""$""$"Württembergische Landesbibliothek Stuttgart"$"https://d-nb.info/gnd/40657-0"$"Stuttgart"$"https://d-nb.info/gnd/4058282-6"$"Württembergische Landesbibliothek Stuttgart"$"https://d-nb.info/gnd/40657-0"$"Stuttgart"$"https://d-nb.info/gnd/4058282-6"
"619"$"HB XVII 868"$""$"https://digital.wlb-stuttgart.de/purl/bsz454415001"$"https://digital.wlb-stuttgart.de/content/urn:nbn:de:bsz:24-digibib-bsz4544150012/jpg/thumbs/00000001.jpg"$"Komplett"$"Original"$"Standard"$"Einzelseite"$""$""$"Württembergische Landesbibliothek Stuttgart"$"https://d-nb.info/gnd/40657-0"$"Stuttgart"$"https://d-nb.info/gnd/4058282-6"$"Württembergische Landesbibliothek Stuttgart"$"https://d-nb.info/gnd/40657-0"$"Stuttgart"$"https://d-nb.info/gnd/4058282-6"
"620"$"HB XVII 869"$""$"https://digital.wlb-stuttgart.de/purl/bsz454415419"$"https://digital.wlb-stuttgart.de/content/urn:nbn:de:bsz:24-digibib-bsz4544154197/jpg/thumbs/00000001.jpg"$"Komplett"$"Original"$"Standard"$"Einzelseite"$""$""$"Württembergische Landesbibliothek Stuttgart"$"https://d-nb.info/gnd/40657-0"$"Stuttgart"$"https://d-nb.info/gnd/4058282-6"$"Württembergische Landesbibliothek Stuttgart"$"https://d-nb.info/gnd/40657-0"$"Stuttgart"$"https://d-nb.info/gnd/4058282-6"
"621"$"HB XVII 876"$""$"https://digital.wlb-stuttgart.de/purl/bsz493745173"$"https://digital.wlb-stuttgart.de/content/urn:nbn:de:bsz:24-digibib-bsz4937451737/jpg/thumbs/00000001.jpg"$"Komplett"$"Original"$"Standard"$"Einzelseite"$""$""$"Württembergische Landesbibliothek Stuttgart"$"https://d-nb.info/gnd/40657-0"$"Stuttgart"$"https://d-nb.info/gnd/4058282-6"$"Württembergische Landesbibliothek Stuttgart"$"https://d-nb.info/gnd/40657-0"$"Stuttgart"$"https://d-nb.info/gnd/4058282-6"
"622"$"HB XVII 877"$""$"https://digital.wlb-stuttgart.de/purl/bsz493749977"$"https://digital.wlb-stuttgart.de/content/urn:nbn:de:bsz:24-digibib-bsz4937499772/jpg/thumbs/00000001.jpg"$"Komplett"$"Original"$"Standard"$"Einzelseite"$""$""$"Württembergische Landesbibliothek Stuttgart"$"https://d-nb.info/gnd/40657-0"$"Stuttgart"$"https://d-nb.info/gnd/4058282-6"$"Württembergische Landesbibliothek Stuttgart"$"https://d-nb.info/gnd/40657-0"$"Stuttgart"$"https://d-nb.info/gnd/4058282-6"
"623"$"HB XVII 878"$""$"https://digital.wlb-stuttgart.de/purl/bsz493750762"$"https://digital.wlb-stuttgart.de/content/urn:nbn:de:bsz:24-digibib-bsz4937507623/jpg/thumbs/00000001.jpg"$"Komplett"$"Original"$"Standard"$"Einzelseite"$""$""$"Württembergische Landesbibliothek Stuttgart"$"https://d-nb.info/gnd/40657-0"$"Stuttgart"$"https://d-nb.info/gnd/4058282-6"$"Württembergische Landesbibliothek Stuttgart"$"https://d-nb.info/gnd/40657-0"$"Stuttgart"$"https://d-nb.info/gnd/4058282-6"
"624"$"HB XVII 893"$""$"https://digital.wlb-stuttgart.de/purl/bsz454416245"$"https://digital.wlb-stuttgart.de/content/urn:nbn:de:bsz:24-digibib-bsz4544162454/jpg/thumbs/00000001.jpg"$"Komplett"$"Original"$"Standard"$"Einzelseite"$""$""$"Württembergische Landesbibliothek Stuttgart"$"https://d-nb.info/gnd/40657-0"$"Stuttgart"$"https://d-nb.info/gnd/4058282-6"$"Württembergische Landesbibliothek Stuttgart"$"https://d-nb.info/gnd/40657-0"$"Stuttgart"$"https://d-nb.info/gnd/4058282-6"
"625"$"HB XVII 898"$""$"https://digital.wlb-stuttgart.de/purl/bsz412056631"$"https://digital.wlb-stuttgart.de/content/urn:nbn:de:bsz:24-digibib-bsz4120566315/jpg/thumbs/00000001.jpg"$"Komplett"$"Original"$"Standard"$"Einzelseite"$""$""$"Württembergische Landesbibliothek Stuttgart"$"https://d-nb.info/gnd/40657-0"$"Stuttgart"$"https://d-nb.info/gnd/4058282-6"$"Württembergische Landesbibliothek Stuttgart"$"https://d-nb.info/gnd/40657-0"$"Stuttgart"$"https://d-nb.info/gnd/4058282-6"
"626"$"R 16 Schop 1"$""$"https://digital.wlb-stuttgart.de/purl/bsz432281169"$"https://digital.wlb-stuttgart.de/content/urn:nbn:de:bsz:24-digibib-bsz4322811693/jpg/thumbs/00000001.jpg"$"Komplett"$"Original"$"Standard"$"Einzelseite"$""$""$"Württembergische Landesbibliothek Stuttgart"$"https://d-nb.info/gnd/40657-0"$"Stuttgart"$"https://d-nb.info/gnd/4058282-6"$"Württembergische Landesbibliothek Stuttgart"$"https://d-nb.info/gnd/40657-0"$"Stuttgart"$"https://d-nb.info/gnd/4058282-6"
"627"$"R 17 Schei 1"$""$"https://digital.wlb-stuttgart.de/purl/kxp1793807191"$"https://digital.wlb-stuttgart.de/content/urn:nbn:de:bsz:24-digibib-kxp17938071910/jpg/thumbs/00000001.jpg"$"Komplett"$"Original"$"Standard"$"Einzelseite"$""$""$"Württembergische Landesbibliothek Stuttgart"$"https://d-nb.info/gnd/40657-0"$"Stuttgart"$"https://d-nb.info/gnd/4058282-6"$"Württembergische Landesbibliothek Stuttgart"$"https://d-nb.info/gnd/40657-0"$"Stuttgart"$"https://d-nb.info/gnd/4058282-6"
"628"$"Cod. bibl. 4° 1"$"https://iiif.ub.uni-marburg.de/presentation/v2/corvey110/manifest"$"https://dx.doi.org/10.48643/b4tm-108"$"https://iiif.ub.uni-marburg.de/image/v2/corvey_Handschriften~Stuttgart-1~Cod_bibl_qu1~tif~Cod_bibl_qu1_00000001.tif/full/200,/0/default.jpg"$"Komplett"$"Original"$"Standard"$"Einzelseite"$"25.10.2021"$"12.11.2021"$"Württembergische Landesbibliothek Stuttgart"$"https://d-nb.info/gnd/40657-0"$"Stuttgart"$"https://d-nb.info/gnd/4058282-6"$"Württembergische Landesbibliothek Stuttgart"$"https://d-nb.info/gnd/40657-0"$"Stuttgart"$"https://d-nb.info/gnd/4058282-6"
"629"$"Cod. fragm. 77"$"https://iiif.ub.uni-marburg.de/presentation/v2/corvey109/manifest"$"https://dx.doi.org/10.48643/b4tm-107"$"https://iiif.ub.uni-marburg.de/image/v2/corvey_Handschriften~Stuttgart-1~Cod_Fragm_77~tif~Cod_Fragm_77_00000001.tif/full/200,/0/default.jpg"$"Komplett"$"Original"$"Standard"$"Einzelseite"$"25.10.2021"$"12.11.2021"$"Württembergische Landesbibliothek Stuttgart"$"https://d-nb.info/gnd/40657-0"$"Stuttgart"$"https://d-nb.info/gnd/4058282-6"$"Württembergische Landesbibliothek Stuttgart"$"https://d-nb.info/gnd/40657-0"$"Stuttgart"$"https://d-nb.info/gnd/4058282-6"
"630"$"HB XIV 7"$"https://iiif.ub.uni-marburg.de/presentation/v2/corvey111/manifest"$"https://dx.doi.org/10.48643/b4tm-109"$"https://iiif.ub.uni-marburg.de/image/v2/corvey_Handschriften~Stuttgart-1~HB_XIV_7~tif~HB_XIV_7_00000009.tif/full/200,/0/default.jpg"$"Komplett"$"Original"$"Standard"$"Einzelseite"$"25.10.2021"$"12.11.2021"$"Württembergische Landesbibliothek Stuttgart"$"https://d-nb.info/gnd/40657-0"$"Stuttgart"$"https://d-nb.info/gnd/4058282-6"$"Württembergische Landesbibliothek Stuttgart"$"https://d-nb.info/gnd/40657-0"$"Stuttgart"$"https://d-nb.info/gnd/4058282-6"
"631"$"Cod. mus. I 2° 35"$""$"https://digital.wlb-stuttgart.de/purl/bsz483704032"$"https://digital.wlb-stuttgart.de/content/urn:nbn:de:bsz:24-digibib-bsz4837040328/jpg/thumbs/00000001.jpg"$"Komplett"$"Original"$"Standard"$"Einzelseite"$""$""$"Württembergische Landesbibliothek Stuttgart"$"https://d-nb.info/gnd/40657-0"$"Stuttgart"$"https://d-nb.info/gnd/4058282-6"$"Württembergische Landesbibliothek Stuttgart"$"https://d-nb.info/gnd/40657-0"$"Stuttgart"$"https://d-nb.info/gnd/4058282-6"
"632"$"Cod. mus. I 2° 56"$""$"https://digital.wlb-stuttgart.de/purl/bsz409154946"$"https://digital.wlb-stuttgart.de/content/urn:nbn:de:bsz:24-digibib-bsz4091549462/jpg/thumbs/00000001.jpg"$"Komplett"$"Original"$"Standard"$"Einzelseite"$""$""$"Württembergische Landesbibliothek Stuttgart"$"https://d-nb.info/gnd/40657-0"$"Stuttgart"$"https://d-nb.info/gnd/4058282-6"$"Württembergische Landesbibliothek Stuttgart"$"https://d-nb.info/gnd/40657-0"$"Stuttgart"$"https://d-nb.info/gnd/4058282-6"
"633"$"Cod. mus. I 2° 58"$""$"https://digital.wlb-stuttgart.de/purl/bsz409156310"$"https://digital.wlb-stuttgart.de/content/urn:nbn:de:bsz:24-digibib-bsz4091563102/jpg/thumbs/00000001.jpg"$"Komplett"$"Original"$"Standard"$"Einzelseite"$""$""$"Württembergische Landesbibliothek Stuttgart"$"https://d-nb.info/gnd/40657-0"$"Stuttgart"$"https://d-nb.info/gnd/4058282-6"$"Württembergische Landesbibliothek Stuttgart"$"https://d-nb.info/gnd/40657-0"$"Stuttgart"$"https://d-nb.info/gnd/4058282-6"
"634"$"Cod. mus. I 2° 59"$""$"https://digital.wlb-stuttgart.de/purl/bsz409156604"$"https://digital.wlb-stuttgart.de/content/urn:nbn:de:bsz:24-digibib-bsz4091566046/jpg/thumbs/00000001.jpg"$"Komplett"$"Original"$"Standard"$"Einzelseite"$""$""$"Württembergische Landesbibliothek Stuttgart"$"https://d-nb.info/gnd/40657-0"$"Stuttgart"$"https://d-nb.info/gnd/4058282-6"$"Württembergische Landesbibliothek Stuttgart"$"https://d-nb.info/gnd/40657-0"$"Stuttgart"$"https://d-nb.info/gnd/4058282-6"
"635"$"Cod. mus. I 2° 60"$""$"https://digital.wlb-stuttgart.de/purl/bsz409157139"$"https://digital.wlb-stuttgart.de/content/urn:nbn:de:bsz:24-digibib-bsz4091571392/jpg/thumbs/00000001.jpg"$"Komplett"$"Original"$"Standard"$"Einzelseite"$""$""$"Württembergische Landesbibliothek Stuttgart"$"https://d-nb.info/gnd/40657-0"$"Stuttgart"$"https://d-nb.info/gnd/4058282-6"$"Württembergische Landesbibliothek Stuttgart"$"https://d-nb.info/gnd/40657-0"$"Stuttgart"$"https://d-nb.info/gnd/4058282-6"
"636"$"Cod. mus. I 2° 61"$""$"https://digital.wlb-stuttgart.de/purl/bsz409157384"$"https://digital.wlb-stuttgart.de/content/urn:nbn:de:bsz:24-digibib-bsz4091573844/jpg/thumbs/00000001.jpg"$"Komplett"$"Original"$"Standard"$"Einzelseite"$""$""$"Württembergische Landesbibliothek Stuttgart"$"https://d-nb.info/gnd/40657-0"$"Stuttgart"$"https://d-nb.info/gnd/4058282-6"$"Württembergische Landesbibliothek Stuttgart"$"https://d-nb.info/gnd/40657-0"$"Stuttgart"$"https://d-nb.info/gnd/4058282-6"
"637"$"Cod. mus. I 2° 62"$""$"https://digital.wlb-stuttgart.de/purl/bsz409467855"$"https://digital.wlb-stuttgart.de/content/urn:nbn:de:bsz:24-digibib-bsz4094678558/jpg/thumbs/00000001.jpg"$"Komplett"$"Original"$"Standard"$"Einzelseite"$""$""$"Württembergische Landesbibliothek Stuttgart"$"https://d-nb.info/gnd/40657-0"$"Stuttgart"$"https://d-nb.info/gnd/4058282-6"$"Württembergische Landesbibliothek Stuttgart"$"https://d-nb.info/gnd/40657-0"$"Stuttgart"$"https://d-nb.info/gnd/4058282-6"
"638"$"Cod. mus. I 2° 66"$""$"https://digital.wlb-stuttgart.de/purl/bsz409468495"$"https://digital.wlb-stuttgart.de/content/urn:nbn:de:bsz:24-digibib-bsz4094684956/jpg/thumbs/00000001.jpg"$"Komplett"$"Original"$"Standard"$"Einzelseite"$""$""$"Württembergische Landesbibliothek Stuttgart"$"https://d-nb.info/gnd/40657-0"$"Stuttgart"$"https://d-nb.info/gnd/4058282-6"$"Württembergische Landesbibliothek Stuttgart"$"https://d-nb.info/gnd/40657-0"$"Stuttgart"$"https://d-nb.info/gnd/4058282-6"
"639"$"Cod. mus. I 2° 67"$""$"https://digital.wlb-stuttgart.de/purl/bsz409469106"$"https://digital.wlb-stuttgart.de/content/urn:nbn:de:bsz:24-digibib-bsz4094691062/jpg/thumbs/00000001.jpg"$"Komplett"$"Original"$"Standard"$"Einzelseite"$""$""$"Württembergische Landesbibliothek Stuttgart"$"https://d-nb.info/gnd/40657-0"$"Stuttgart"$"https://d-nb.info/gnd/4058282-6"$"Württembergische Landesbibliothek Stuttgart"$"https://d-nb.info/gnd/40657-0"$"Stuttgart"$"https://d-nb.info/gnd/4058282-6"
"640"$"Cod. mus. I 2° 68"$""$"https://digital.wlb-stuttgart.de/purl/bsz409470279"$"https://digital.wlb-stuttgart.de/content/urn:nbn:de:bsz:24-digibib-bsz4094702792/jpg/thumbs/00000001.jpg"$"Komplett"$"Original"$"Standard"$"Einzelseite"$""$""$"Württembergische Landesbibliothek Stuttgart"$"https://d-nb.info/gnd/40657-0"$"Stuttgart"$"https://d-nb.info/gnd/4058282-6"$"Württembergische Landesbibliothek Stuttgart"$"https://d-nb.info/gnd/40657-0"$"Stuttgart"$"https://d-nb.info/gnd/4058282-6"
"641"$"Cod. mus. I 2° 69"$""$"https://digital.wlb-stuttgart.de/purl/bsz40946712X"$"https://digital.wlb-stuttgart.de/content/urn:nbn:de:bsz:24-digibib-bsz40946712X5/jpg/thumbs/00000001.jpg"$"Komplett"$"Original"$"Standard"$"Einzelseite"$""$""$"Württembergische Landesbibliothek Stuttgart"$"https://d-nb.info/gnd/40657-0"$"Stuttgart"$"https://d-nb.info/gnd/4058282-6"$"Württembergische Landesbibliothek Stuttgart"$"https://d-nb.info/gnd/40657-0"$"Stuttgart"$"https://d-nb.info/gnd/4058282-6"
"642"$"Cod. mus. I 2° 70"$""$"https://digital.wlb-stuttgart.de/purl/bsz409472425"$"https://digital.wlb-stuttgart.de/content/urn:nbn:de:bsz:24-digibib-bsz4094724251/jpg/thumbs/00000001.jpg"$"Komplett"$"Original"$"Standard"$"Einzelseite"$""$""$"Württembergische Landesbibliothek Stuttgart"$"https://d-nb.info/gnd/40657-0"$"Stuttgart"$"https://d-nb.info/gnd/4058282-6"$"Württembergische Landesbibliothek Stuttgart"$"https://d-nb.info/gnd/40657-0"$"Stuttgart"$"https://d-nb.info/gnd/4058282-6"
"643"$"Cod. bibl. 4° 17"$""$"https://digital.wlb-stuttgart.de/purl/kxp1780697317"$"https://digital.wlb-stuttgart.de/content/urn:nbn:de:bsz:24-digibib-kxp17806973177/jpg/thumbs/00000001.jpg"$"Komplett"$"Original"$"Standard"$"Einzelseite"$""$""$"Württembergische Landesbibliothek Stuttgart"$"https://d-nb.info/gnd/40657-0"$"Stuttgart"$"https://d-nb.info/gnd/4058282-6"$"Württembergische Landesbibliothek Stuttgart"$"https://d-nb.info/gnd/40657-0"$"Stuttgart"$"https://d-nb.info/gnd/4058282-6"
"644"$"Cod. bibl. 4° 43"$""$"https://digital.wlb-stuttgart.de/purl/kxp1820062872"$"https://digital.wlb-stuttgart.de/content/urn:nbn:de:bsz:24-digibib-kxp18200628724/jpg/thumbs/00000001.jpg"$"Komplett"$"Original"$"Standard"$"Einzelseite"$""$""$"Württembergische Landesbibliothek Stuttgart"$"https://d-nb.info/gnd/40657-0"$"Stuttgart"$"https://d-nb.info/gnd/4058282-6"$"Württembergische Landesbibliothek Stuttgart"$"https://d-nb.info/gnd/40657-0"$"Stuttgart"$"https://d-nb.info/gnd/4058282-6"
"645"$"Cod. brev. 10"$""$"https://digital.wlb-stuttgart.de/purl/kxp1871579015"$"https://digital.wlb-stuttgart.de/content/urn:nbn:de:bsz:24-digibib-kxp18715790152/jpg/thumbs/00000001.jpg"$"Komplett"$"Original"$"Standard"$"Einzelseite"$""$""$"Württembergische Landesbibliothek Stuttgart"$"https://d-nb.info/gnd/40657-0"$"Stuttgart"$"https://d-nb.info/gnd/4058282-6"$"Württembergische Landesbibliothek Stuttgart"$"https://d-nb.info/gnd/40657-0"$"Stuttgart"$"https://d-nb.info/gnd/4058282-6"
"646"$"Cod. brev. 119"$""$"https://digital.wlb-stuttgart.de/purl/kxp1858713900"$"https://digital.wlb-stuttgart.de/content/urn:nbn:de:bsz:24-digibib-kxp18587139000/jpg/thumbs/00000001.jpg"$"Komplett"$"Original"$"Standard"$"Einzelseite"$""$""$"Württembergische Landesbibliothek Stuttgart"$"https://d-nb.info/gnd/40657-0"$"Stuttgart"$"https://d-nb.info/gnd/4058282-6"$"Württembergische Landesbibliothek Stuttgart"$"https://d-nb.info/gnd/40657-0"$"Stuttgart"$"https://d-nb.info/gnd/4058282-6"
"647"$"Cod. brev. 2"$""$"https://digital.wlb-stuttgart.de/purl/kxp1884197485"$"https://digital.wlb-stuttgart.de/content/urn:nbn:de:bsz:24-digibib-kxp18841974854/jpg/thumbs/00000001.jpg"$"Komplett"$"Original"$"Standard"$"Einzelseite"$""$""$"Württembergische Landesbibliothek Stuttgart"$"https://d-nb.info/gnd/40657-0"$"Stuttgart"$"https://d-nb.info/gnd/4058282-6"$"Württembergische Landesbibliothek Stuttgart"$"https://d-nb.info/gnd/40657-0"$"Stuttgart"$"https://d-nb.info/gnd/4058282-6"
"648"$"Cod. brev. 22"$""$"https://digital.wlb-stuttgart.de/purl/kxp1850919089"$"https://digital.wlb-stuttgart.de/content/urn:nbn:de:bsz:24-digibib-kxp18509190895/jpg/thumbs/00000001.jpg"$"Komplett"$"Original"$"Standard"$"Einzelseite"$""$""$"Württembergische Landesbibliothek Stuttgart"$"https://d-nb.info/gnd/40657-0"$"Stuttgart"$"https://d-nb.info/gnd/4058282-6"$"Württembergische Landesbibliothek Stuttgart"$"https://d-nb.info/gnd/40657-0"$"Stuttgart"$"https://d-nb.info/gnd/4058282-6"
"649"$"Cod. brev. 31"$""$"https://digital.wlb-stuttgart.de/purl/kxp1871597064"$"https://digital.wlb-stuttgart.de/content/urn:nbn:de:bsz:24-digibib-kxp18715970642/jpg/thumbs/00000001.jpg"$"Komplett"$"Original"$"Standard"$"Einzelseite"$""$""$"Württembergische Landesbibliothek Stuttgart"$"https://d-nb.info/gnd/40657-0"$"Stuttgart"$"https://d-nb.info/gnd/4058282-6"$"Württembergische Landesbibliothek Stuttgart"$"https://d-nb.info/gnd/40657-0"$"Stuttgart"$"https://d-nb.info/gnd/4058282-6"
"650"$"Cod. brev. 55"$""$"https://digital.wlb-stuttgart.de/purl/kxp174487316X"$"https://digital.wlb-stuttgart.de/content/urn:nbn:de:bsz:24-digibib-kxp174487316X0/jpg/thumbs/00000001.jpg"$"Komplett"$"Original"$"Standard"$"Einzelseite"$""$""$"Württembergische Landesbibliothek Stuttgart"$"https://d-nb.info/gnd/40657-0"$"Stuttgart"$"https://d-nb.info/gnd/4058282-6"$"Württembergische Landesbibliothek Stuttgart"$"https://d-nb.info/gnd/40657-0"$"Stuttgart"$"https://d-nb.info/gnd/4058282-6"
"651"$"Cod. Don. 906"$""$"https://digital.wlb-stuttgart.de/purl/kxp1752346661"$"https://digital.wlb-stuttgart.de/content/urn:nbn:de:bsz:24-digibib-kxp17523466617/jpg/thumbs/00000001.jpg"$"Komplett"$"Original"$"Standard"$"Einzelseite"$""$""$"Württembergische Landesbibliothek Stuttgart"$"https://d-nb.info/gnd/40657-0"$"Stuttgart"$"https://d-nb.info/gnd/4058282-6"$"Württembergische Landesbibliothek Stuttgart"$"https://d-nb.info/gnd/40657-0"$"Stuttgart"$"https://d-nb.info/gnd/4058282-6"
"652"$"Cod. Don. A III 14"$""$"https://digital.wlb-stuttgart.de/purl/kxp181835487X"$"https://digital.wlb-stuttgart.de/content/urn:nbn:de:bsz:24-digibib-kxp181835487X5/jpg/thumbs/00000001.jpg"$"Komplett"$"Original"$"Standard"$"Einzelseite"$""$""$"Württembergische Landesbibliothek Stuttgart"$"https://d-nb.info/gnd/40657-0"$"Stuttgart"$"https://d-nb.info/gnd/4058282-6"$"Württembergische Landesbibliothek Stuttgart"$"https://d-nb.info/gnd/40657-0"$"Stuttgart"$"https://d-nb.info/gnd/4058282-6"
"653"$"Cod. Don. B III 14"$""$"https://digital.wlb-stuttgart.de/purl/kxp1925607763"$"https://digital.wlb-stuttgart.de/content/urn:nbn:de:bsz:24-digibib-kxp19256077630/jpg/thumbs/00000001.jpg"$"Komplett"$"Original"$"Standard"$"Einzelseite"$""$""$"Württembergische Landesbibliothek Stuttgart"$"https://d-nb.info/gnd/40657-0"$"Stuttgart"$"https://d-nb.info/gnd/4058282-6"$"Württembergische Landesbibliothek Stuttgart"$"https://d-nb.info/gnd/40657-0"$"Stuttgart"$"https://d-nb.info/gnd/4058282-6"
"654"$"Cod. Don. B III 15"$""$"https://digital.wlb-stuttgart.de/purl/kxp1925633012"$"https://digital.wlb-stuttgart.de/content/urn:nbn:de:bsz:24-digibib-kxp19256330127/jpg/thumbs/00000001.jpg"$"Komplett"$"Original"$"Standard"$"Einzelseite"$""$""$"Württembergische Landesbibliothek Stuttgart"$"https://d-nb.info/gnd/40657-0"$"Stuttgart"$"https://d-nb.info/gnd/4058282-6"$"Württembergische Landesbibliothek Stuttgart"$"https://d-nb.info/gnd/40657-0"$"Stuttgart"$"https://d-nb.info/gnd/4058282-6"
"655"$"Cod. Don. B III 16"$""$"https://digital.wlb-stuttgart.de/purl/kxp1925638111"$"https://digital.wlb-stuttgart.de/content/urn:nbn:de:bsz:24-digibib-kxp19256381110/jpg/thumbs/00000001.jpg"$"Komplett"$"Original"$"Standard"$"Einzelseite"$""$""$"Württembergische Landesbibliothek Stuttgart"$"https://d-nb.info/gnd/40657-0"$"Stuttgart"$"https://d-nb.info/gnd/4058282-6"$"Württembergische Landesbibliothek Stuttgart"$"https://d-nb.info/gnd/40657-0"$"Stuttgart"$"https://d-nb.info/gnd/4058282-6"
"656"$"Cod. Don. B III 17"$""$"https://digital.wlb-stuttgart.de/purl/kxp1925639096"$"https://digital.wlb-stuttgart.de/content/urn:nbn:de:bsz:24-digibib-kxp19256390969/jpg/thumbs/00000001.jpg"$"Komplett"$"Original"$"Standard"$"Einzelseite"$""$""$"Württembergische Landesbibliothek Stuttgart"$"https://d-nb.info/gnd/40657-0"$"Stuttgart"$"https://d-nb.info/gnd/4058282-6"$"Württembergische Landesbibliothek Stuttgart"$"https://d-nb.info/gnd/40657-0"$"Stuttgart"$"https://d-nb.info/gnd/4058282-6"
"657"$"Cod. Don. B III 18"$""$"https://digital.wlb-stuttgart.de/purl/kxp1925639371"$"https://digital.wlb-stuttgart.de/content/urn:nbn:de:bsz:24-digibib-kxp19256393713/jpg/thumbs/00000001.jpg"$"Komplett"$"Original"$"Standard"$"Einzelseite"$""$""$"Württembergische Landesbibliothek Stuttgart"$"https://d-nb.info/gnd/40657-0"$"Stuttgart"$"https://d-nb.info/gnd/4058282-6"$"Württembergische Landesbibliothek Stuttgart"$"https://d-nb.info/gnd/40657-0"$"Stuttgart"$"https://d-nb.info/gnd/4058282-6"
"658"$"Cod. Don. B III 19"$""$"https://digital.wlb-stuttgart.de/purl/kxp1925648869"$"https://digital.wlb-stuttgart.de/content/urn:nbn:de:bsz:24-digibib-kxp19256488691/jpg/thumbs/00000001.jpg"$"Komplett"$"Original"$"Standard"$"Einzelseite"$""$""$"Württembergische Landesbibliothek Stuttgart"$"https://d-nb.info/gnd/40657-0"$"Stuttgart"$"https://d-nb.info/gnd/4058282-6"$"Württembergische Landesbibliothek Stuttgart"$"https://d-nb.info/gnd/40657-0"$"Stuttgart"$"https://d-nb.info/gnd/4058282-6"
"659"$"Cod. Don. B III 20"$""$"https://digital.wlb-stuttgart.de/purl/kxp1925649318"$"https://digital.wlb-stuttgart.de/content/urn:nbn:de:bsz:24-digibib-kxp19256493184/jpg/thumbs/00000001.jpg"$"Komplett"$"Original"$"Standard"$"Einzelseite"$""$""$"Württembergische Landesbibliothek Stuttgart"$"https://d-nb.info/gnd/40657-0"$"Stuttgart"$"https://d-nb.info/gnd/4058282-6"$"Württembergische Landesbibliothek Stuttgart"$"https://d-nb.info/gnd/40657-0"$"Stuttgart"$"https://d-nb.info/gnd/4058282-6"
"660"$"Cod. Don. B III 21"$""$"https://digital.wlb-stuttgart.de/purl/kxp1925649768"$"https://digital.wlb-stuttgart.de/content/urn:nbn:de:bsz:24-digibib-kxp19256497681/jpg/thumbs/00000001.jpg"$"Komplett"$"Original"$"Standard"$"Einzelseite"$""$""$"Württembergische Landesbibliothek Stuttgart"$"https://d-nb.info/gnd/40657-0"$"Stuttgart"$"https://d-nb.info/gnd/4058282-6"$"Württembergische Landesbibliothek Stuttgart"$"https://d-nb.info/gnd/40657-0"$"Stuttgart"$"https://d-nb.info/gnd/4058282-6"
"661"$"Cod. Don. B III 22"$""$"https://digital.wlb-stuttgart.de/purl/kxp1925650154"$"https://digital.wlb-stuttgart.de/content/urn:nbn:de:bsz:24-digibib-kxp19256501544/jpg/thumbs/00000001.jpg"$"Komplett"$"Original"$"Standard"$"Einzelseite"$""$""$"Württembergische Landesbibliothek Stuttgart"$"https://d-nb.info/gnd/40657-0"$"Stuttgart"$"https://d-nb.info/gnd/4058282-6"$"Württembergische Landesbibliothek Stuttgart"$"https://d-nb.info/gnd/40657-0"$"Stuttgart"$"https://d-nb.info/gnd/4058282-6"
"662"$"Cod. Don. B III 23"$""$"https://digital.wlb-stuttgart.de/purl/kxp1925650677"$"https://digital.wlb-stuttgart.de/content/urn:nbn:de:bsz:24-digibib-kxp19256506777/jpg/thumbs/00000001.jpg"$"Komplett"$"Original"$"Standard"$"Einzelseite"$""$""$"Württembergische Landesbibliothek Stuttgart"$"https://d-nb.info/gnd/40657-0"$"Stuttgart"$"https://d-nb.info/gnd/4058282-6"$"Württembergische Landesbibliothek Stuttgart"$"https://d-nb.info/gnd/40657-0"$"Stuttgart"$"https://d-nb.info/gnd/4058282-6"
"663"$"Cod. Don. C III b34"$""$"https://digital.wlb-stuttgart.de/purl/kxp1888530928"$"https://digital.wlb-stuttgart.de/content/urn:nbn:de:bsz:24-digibib-kxp18885309287/jpg/thumbs/00000001.jpg"$"Komplett"$"Original"$"Standard"$"Einzelseite"$""$""$"Württembergische Landesbibliothek Stuttgart"$"https://d-nb.info/gnd/40657-0"$"Stuttgart"$"https://d-nb.info/gnd/4058282-6"$"Württembergische Landesbibliothek Stuttgart"$"https://d-nb.info/gnd/40657-0"$"Stuttgart"$"https://d-nb.info/gnd/4058282-6"
"664"$"Cod. hist. 2° 230"$""$"https://digital.wlb-stuttgart.de/purl/bsz423553437"$"https://digital.wlb-stuttgart.de/content/urn:nbn:de:bsz:24-digibib-bsz4235534370/jpg/thumbs/00000001.jpg"$"Komplett"$"Original"$"Standard"$"Einzelseite"$""$""$"Württembergische Landesbibliothek Stuttgart"$"https://d-nb.info/gnd/40657-0"$"Stuttgart"$"https://d-nb.info/gnd/4058282-6"$"Württembergische Landesbibliothek Stuttgart"$"https://d-nb.info/gnd/40657-0"$"Stuttgart"$"https://d-nb.info/gnd/4058282-6"
"665"$"Cod. hist. 2° 411"$""$"https://digital.wlb-stuttgart.de/purl/bsz456292918"$"https://digital.wlb-stuttgart.de/content/urn:nbn:de:bsz:24-digibib-bsz4562929187/jpg/thumbs/00000001.jpg"$"Komplett"$"Original"$"Standard"$"Einzelseite"$""$""$"Württembergische Landesbibliothek Stuttgart"$"https://d-nb.info/gnd/40657-0"$"Stuttgart"$"https://d-nb.info/gnd/4058282-6"$"Württembergische Landesbibliothek Stuttgart"$"https://d-nb.info/gnd/40657-0"$"Stuttgart"$"https://d-nb.info/gnd/4058282-6"
"666"$"Cod. hist. 2° 444"$""$"https://digital.wlb-stuttgart.de/purl/kxp1865939455"$"https://digital.wlb-stuttgart.de/content/urn:nbn:de:bsz:24-digibib-kxp18659394553/jpg/thumbs/00000001.jpg"$"Komplett"$"Original"$"Standard"$"Einzelseite"$""$""$"Württembergische Landesbibliothek Stuttgart"$"https://d-nb.info/gnd/40657-0"$"Stuttgart"$"https://d-nb.info/gnd/4058282-6"$"Württembergische Landesbibliothek Stuttgart"$"https://d-nb.info/gnd/40657-0"$"Stuttgart"$"https://d-nb.info/gnd/4058282-6"
"667"$"Cod. hist. 8° 168"$""$"https://digital.wlb-stuttgart.de/purl/bsz420415025"$"https://digital.wlb-stuttgart.de/content/urn:nbn:de:bsz:24-digibib-bsz4204150253/jpg/thumbs/00000001.jpg"$"Komplett"$"Original"$"Standard"$"Einzelseite"$""$""$"Württembergische Landesbibliothek Stuttgart"$"https://d-nb.info/gnd/40657-0"$"Stuttgart"$"https://d-nb.info/gnd/4058282-6"$"Württembergische Landesbibliothek Stuttgart"$"https://d-nb.info/gnd/40657-0"$"Stuttgart"$"https://d-nb.info/gnd/4058282-6"
"668"$"Cod. hist. 8° 183"$""$"https://digital.wlb-stuttgart.de/purl/bsz420000216"$"https://digital.wlb-stuttgart.de/content/urn:nbn:de:bsz:24-digibib-bsz4200002165/jpg/thumbs/00000001.jpg"$"Komplett"$"Original"$"Standard"$"Einzelseite"$""$""$"Württembergische Landesbibliothek Stuttgart"$"https://d-nb.info/gnd/40657-0"$"Stuttgart"$"https://d-nb.info/gnd/4058282-6"$"Württembergische Landesbibliothek Stuttgart"$"https://d-nb.info/gnd/40657-0"$"Stuttgart"$"https://d-nb.info/gnd/4058282-6"
"669"$"Cod. hist. 8° 221, 1"$""$"https://digital.wlb-stuttgart.de/purl/bsz41760744X"$"https://digital.wlb-stuttgart.de/content/urn:nbn:de:bsz:24-digibib-bsz41760744X0/jpg/thumbs/00000001.jpg"$"Komplett"$"Original"$"Standard"$"Einzelseite"$""$""$"Württembergische Landesbibliothek Stuttgart"$"https://d-nb.info/gnd/40657-0"$"Stuttgart"$"https://d-nb.info/gnd/4058282-6"$"Württembergische Landesbibliothek Stuttgart"$"https://d-nb.info/gnd/40657-0"$"Stuttgart"$"https://d-nb.info/gnd/4058282-6"
"670"$"Cod. hist. 8° 221, 3"$""$"https://digital.wlb-stuttgart.de/purl/bsz417626983"$"https://digital.wlb-stuttgart.de/content/urn:nbn:de:bsz:24-digibib-bsz4176269830/jpg/thumbs/00000001.jpg"$"Komplett"$"Original"$"Standard"$"Einzelseite"$""$""$"Württembergische Landesbibliothek Stuttgart"$"https://d-nb.info/gnd/40657-0"$"Stuttgart"$"https://d-nb.info/gnd/4058282-6"$"Württembergische Landesbibliothek Stuttgart"$"https://d-nb.info/gnd/40657-0"$"Stuttgart"$"https://d-nb.info/gnd/4058282-6"
"671"$"Cod. hist. 8° 221, 4"$""$"https://digital.wlb-stuttgart.de/purl/bsz420416072"$"https://digital.wlb-stuttgart.de/content/urn:nbn:de:bsz:24-digibib-bsz4204160720/jpg/thumbs/00000001.jpg"$"Komplett"$"Original"$"Standard"$"Einzelseite"$""$""$"Württembergische Landesbibliothek Stuttgart"$"https://d-nb.info/gnd/40657-0"$"Stuttgart"$"https://d-nb.info/gnd/4058282-6"$"Württembergische Landesbibliothek Stuttgart"$"https://d-nb.info/gnd/40657-0"$"Stuttgart"$"https://d-nb.info/gnd/4058282-6"
"672"$"Cod. hist. 8° 221, 5"$""$"https://digital.wlb-stuttgart.de/purl/bsz419997407"$"https://digital.wlb-stuttgart.de/content/urn:nbn:de:bsz:24-digibib-bsz4199974073/jpg/thumbs/00000001.jpg"$"Komplett"$"Original"$"Standard"$"Einzelseite"$""$""$"Württembergische Landesbibliothek Stuttgart"$"https://d-nb.info/gnd/40657-0"$"Stuttgart"$"https://d-nb.info/gnd/4058282-6"$"Württembergische Landesbibliothek Stuttgart"$"https://d-nb.info/gnd/40657-0"$"Stuttgart"$"https://d-nb.info/gnd/4058282-6"
"673"$"Cod. hist. 8° 223"$""$"https://digital.wlb-stuttgart.de/purl/bsz41762865X"$"https://digital.wlb-stuttgart.de/content/urn:nbn:de:bsz:24-digibib-bsz41762865X2/jpg/thumbs/00000001.jpg"$"Komplett"$"Original"$"Standard"$"Einzelseite"$""$""$"Württembergische Landesbibliothek Stuttgart"$"https://d-nb.info/gnd/40657-0"$"Stuttgart"$"https://d-nb.info/gnd/4058282-6"$"Württembergische Landesbibliothek Stuttgart"$"https://d-nb.info/gnd/40657-0"$"Stuttgart"$"https://d-nb.info/gnd/4058282-6"
"674"$"Cod. hist. 8° 25"$""$"https://digital.wlb-stuttgart.de/purl/bsz411031775"$"https://digital.wlb-stuttgart.de/content/urn:nbn:de:bsz:24-digibib-bsz4110317759/jpg/thumbs/00000001.jpg"$"Komplett"$"Original"$"Standard"$"Einzelseite"$""$""$"Württembergische Landesbibliothek Stuttgart"$"https://d-nb.info/gnd/40657-0"$"Stuttgart"$"https://d-nb.info/gnd/4058282-6"$"Württembergische Landesbibliothek Stuttgart"$"https://d-nb.info/gnd/40657-0"$"Stuttgart"$"https://d-nb.info/gnd/4058282-6"
"675"$"Cod. hist. 8° 256"$""$"https://digital.wlb-stuttgart.de/purl/bsz420408975"$"https://digital.wlb-stuttgart.de/content/urn:nbn:de:bsz:24-digibib-bsz4204089752/jpg/thumbs/00000001.jpg"$"Komplett"$"Original"$"Standard"$"Einzelseite"$""$""$"Württembergische Landesbibliothek Stuttgart"$"https://d-nb.info/gnd/40657-0"$"Stuttgart"$"https://d-nb.info/gnd/4058282-6"$"Württembergische Landesbibliothek Stuttgart"$"https://d-nb.info/gnd/40657-0"$"Stuttgart"$"https://d-nb.info/gnd/4058282-6"
"676"$"Cod. hist. 8° 260"$""$"https://digital.wlb-stuttgart.de/purl/bsz417609639"$"https://digital.wlb-stuttgart.de/content/urn:nbn:de:bsz:24-digibib-bsz4176096390/jpg/thumbs/00000001.jpg"$"Komplett"$"Original"$"Standard"$"Einzelseite"$""$""$"Württembergische Landesbibliothek Stuttgart"$"https://d-nb.info/gnd/40657-0"$"Stuttgart"$"https://d-nb.info/gnd/4058282-6"$"Württembergische Landesbibliothek Stuttgart"$"https://d-nb.info/gnd/40657-0"$"Stuttgart"$"https://d-nb.info/gnd/4058282-6"
"677"$"Cod. hist. 8° 264"$""$"https://digital.wlb-stuttgart.de/purl/bsz417619812"$"https://digital.wlb-stuttgart.de/content/urn:nbn:de:bsz:24-digibib-bsz4176198122/jpg/thumbs/00000001.jpg"$"Komplett"$"Original"$"Standard"$"Einzelseite"$""$""$"Württembergische Landesbibliothek Stuttgart"$"https://d-nb.info/gnd/40657-0"$"Stuttgart"$"https://d-nb.info/gnd/4058282-6"$"Württembergische Landesbibliothek Stuttgart"$"https://d-nb.info/gnd/40657-0"$"Stuttgart"$"https://d-nb.info/gnd/4058282-6"
"678"$"Cod. hist. 8° 269"$""$"https://digital.wlb-stuttgart.de/purl/bsz416987486"$"https://digital.wlb-stuttgart.de/content/urn:nbn:de:bsz:24-digibib-bsz4169874861/jpg/thumbs/00000001.jpg"$"Komplett"$"Original"$"Standard"$"Einzelseite"$""$""$"Württembergische Landesbibliothek Stuttgart"$"https://d-nb.info/gnd/40657-0"$"Stuttgart"$"https://d-nb.info/gnd/4058282-6"$"Württembergische Landesbibliothek Stuttgart"$"https://d-nb.info/gnd/40657-0"$"Stuttgart"$"https://d-nb.info/gnd/4058282-6"
"679"$"Cod. hist. 8° 27"$""$"https://digital.wlb-stuttgart.de/purl/bsz41999825X"$"https://digital.wlb-stuttgart.de/content/urn:nbn:de:bsz:24-digibib-bsz41999825X8/jpg/thumbs/00000001.jpg"$"Komplett"$"Original"$"Standard"$"Einzelseite"$""$""$"Württembergische Landesbibliothek Stuttgart"$"https://d-nb.info/gnd/40657-0"$"Stuttgart"$"https://d-nb.info/gnd/4058282-6"$"Württembergische Landesbibliothek Stuttgart"$"https://d-nb.info/gnd/40657-0"$"Stuttgart"$"https://d-nb.info/gnd/4058282-6"
"680"$"Cod. hist. 8° 28"$""$"https://digital.wlb-stuttgart.de/purl/bsz417650779"$"https://digital.wlb-stuttgart.de/content/urn:nbn:de:bsz:24-digibib-bsz4176507799/jpg/thumbs/00000001.jpg"$"Komplett"$"Original"$"Standard"$"Einzelseite"$""$""$"Württembergische Landesbibliothek Stuttgart"$"https://d-nb.info/gnd/40657-0"$"Stuttgart"$"https://d-nb.info/gnd/4058282-6"$"Württembergische Landesbibliothek Stuttgart"$"https://d-nb.info/gnd/40657-0"$"Stuttgart"$"https://d-nb.info/gnd/4058282-6"
"681"$"Cod. hist. 8° 301"$""$"https://digital.wlb-stuttgart.de/purl/bsz417621817"$"https://digital.wlb-stuttgart.de/content/urn:nbn:de:bsz:24-digibib-bsz4176218177/jpg/thumbs/00000001.jpg"$"Komplett"$"Original"$"Standard"$"Einzelseite"$""$""$"Württembergische Landesbibliothek Stuttgart"$"https://d-nb.info/gnd/40657-0"$"Stuttgart"$"https://d-nb.info/gnd/4058282-6"$"Württembergische Landesbibliothek Stuttgart"$"https://d-nb.info/gnd/40657-0"$"Stuttgart"$"https://d-nb.info/gnd/4058282-6"
"682"$"Cod. hist. 8° 303"$""$"https://digital.wlb-stuttgart.de/purl/bsz417653093"$"https://digital.wlb-stuttgart.de/content/urn:nbn:de:bsz:24-digibib-bsz4176530930/jpg/thumbs/00000001.jpg"$"Komplett"$"Original"$"Standard"$"Einzelseite"$""$""$"Württembergische Landesbibliothek Stuttgart"$"https://d-nb.info/gnd/40657-0"$"Stuttgart"$"https://d-nb.info/gnd/4058282-6"$"Württembergische Landesbibliothek Stuttgart"$"https://d-nb.info/gnd/40657-0"$"Stuttgart"$"https://d-nb.info/gnd/4058282-6"
"683"$"Cod. hist. 8° 309"$""$"https://digital.wlb-stuttgart.de/purl/bsz417649762"$"https://digital.wlb-stuttgart.de/content/urn:nbn:de:bsz:24-digibib-bsz4176497620/jpg/thumbs/00000001.jpg"$"Komplett"$"Original"$"Standard"$"Einzelseite"$""$""$"Württembergische Landesbibliothek Stuttgart"$"https://d-nb.info/gnd/40657-0"$"Stuttgart"$"https://d-nb.info/gnd/4058282-6"$"Württembergische Landesbibliothek Stuttgart"$"https://d-nb.info/gnd/40657-0"$"Stuttgart"$"https://d-nb.info/gnd/4058282-6"
"684"$"Cod. hist. 8° 32"$""$"https://digital.wlb-stuttgart.de/purl/bsz419990208"$"https://digital.wlb-stuttgart.de/content/urn:nbn:de:bsz:24-digibib-bsz4199902089/jpg/thumbs/00000001.jpg"$"Komplett"$"Original"$"Standard"$"Einzelseite"$""$""$"Württembergische Landesbibliothek Stuttgart"$"https://d-nb.info/gnd/40657-0"$"Stuttgart"$"https://d-nb.info/gnd/4058282-6"$"Württembergische Landesbibliothek Stuttgart"$"https://d-nb.info/gnd/40657-0"$"Stuttgart"$"https://d-nb.info/gnd/4058282-6"
"685"$"Cod. hist. 8° 34"$""$"https://digital.wlb-stuttgart.de/purl/bsz417651627"$"https://digital.wlb-stuttgart.de/content/urn:nbn:de:bsz:24-digibib-bsz4176516272/jpg/thumbs/00000001.jpg"$"Komplett"$"Original"$"Standard"$"Einzelseite"$""$""$"Württembergische Landesbibliothek Stuttgart"$"https://d-nb.info/gnd/40657-0"$"Stuttgart"$"https://d-nb.info/gnd/4058282-6"$"Württembergische Landesbibliothek Stuttgart"$"https://d-nb.info/gnd/40657-0"$"Stuttgart"$"https://d-nb.info/gnd/4058282-6"
"686"$"Cod. hist. 8° 5"$""$"https://digital.wlb-stuttgart.de/purl/bsz417627718"$"https://digital.wlb-stuttgart.de/content/urn:nbn:de:bsz:24-digibib-bsz4176277182/jpg/thumbs/00000001.jpg"$"Komplett"$"Original"$"Standard"$"Einzelseite"$""$""$"Württembergische Landesbibliothek Stuttgart"$"https://d-nb.info/gnd/40657-0"$"Stuttgart"$"https://d-nb.info/gnd/4058282-6"$"Württembergische Landesbibliothek Stuttgart"$"https://d-nb.info/gnd/40657-0"$"Stuttgart"$"https://d-nb.info/gnd/4058282-6"
"687"$"Cod. hist. 8° 80"$""$"https://digital.wlb-stuttgart.de/purl/bsz419983422"$"https://digital.wlb-stuttgart.de/content/urn:nbn:de:bsz:24-digibib-bsz4199834225/jpg/thumbs/00000001.jpg"$"Komplett"$"Original"$"Standard"$"Einzelseite"$""$""$"Württembergische Landesbibliothek Stuttgart"$"https://d-nb.info/gnd/40657-0"$"Stuttgart"$"https://d-nb.info/gnd/4058282-6"$"Württembergische Landesbibliothek Stuttgart"$"https://d-nb.info/gnd/40657-0"$"Stuttgart"$"https://d-nb.info/gnd/4058282-6"
"688"$"Cod. hist. 4° 124"$""$"https://digital.wlb-stuttgart.de/purl/bsz417652593"$"https://digital.wlb-stuttgart.de/content/urn:nbn:de:bsz:24-digibib-bsz4176525933/jpg/thumbs/00000001.jpg"$"Komplett"$"Original"$"Standard"$"Einzelseite"$""$""$"Württembergische Landesbibliothek Stuttgart"$"https://d-nb.info/gnd/40657-0"$"Stuttgart"$"https://d-nb.info/gnd/4058282-6"$"Württembergische Landesbibliothek Stuttgart"$"https://d-nb.info/gnd/40657-0"$"Stuttgart"$"https://d-nb.info/gnd/4058282-6"
"689"$"Cod. hist. 4° 155"$""$"https://digital.wlb-stuttgart.de/purl/kxp1838493344"$"https://digital.wlb-stuttgart.de/content/urn:nbn:de:bsz:24-digibib-kxp18384933448/jpg/thumbs/00000001.jpg"$"Komplett"$"Original"$"Standard"$"Einzelseite"$""$""$"Württembergische Landesbibliothek Stuttgart"$"https://d-nb.info/gnd/40657-0"$"Stuttgart"$"https://d-nb.info/gnd/4058282-6"$"Württembergische Landesbibliothek Stuttgart"$"https://d-nb.info/gnd/40657-0"$"Stuttgart"$"https://d-nb.info/gnd/4058282-6"
"690"$"Cod. hist. 4° 42"$""$"https://digital.wlb-stuttgart.de/purl/bsz420411259"$"https://digital.wlb-stuttgart.de/content/urn:nbn:de:bsz:24-digibib-bsz4204112599/jpg/thumbs/00000001.jpg"$"Komplett"$"Original"$"Standard"$"Einzelseite"$""$""$"Württembergische Landesbibliothek Stuttgart"$"https://d-nb.info/gnd/40657-0"$"Stuttgart"$"https://d-nb.info/gnd/4058282-6"$"Württembergische Landesbibliothek Stuttgart"$"https://d-nb.info/gnd/40657-0"$"Stuttgart"$"https://d-nb.info/gnd/4058282-6"
"691"$"Cod. hist. 4° 84"$""$"https://digital.wlb-stuttgart.de/purl/bsz417621175"$"https://digital.wlb-stuttgart.de/content/urn:nbn:de:bsz:24-digibib-bsz4176211755/jpg/thumbs/00000001.jpg"$"Komplett"$"Original"$"Standard"$"Einzelseite"$""$""$"Württembergische Landesbibliothek Stuttgart"$"https://d-nb.info/gnd/40657-0"$"Stuttgart"$"https://d-nb.info/gnd/4058282-6"$"Württembergische Landesbibliothek Stuttgart"$"https://d-nb.info/gnd/40657-0"$"Stuttgart"$"https://d-nb.info/gnd/4058282-6"
"692"$"Cod. iur. 2° 118"$""$"https://digital.wlb-stuttgart.de/purl/kxp1860719465"$"https://digital.wlb-stuttgart.de/content/urn:nbn:de:bsz:24-digibib-kxp18607194659/jpg/thumbs/00000001.jpg"$"Komplett"$"Original"$"Standard"$"Einzelseite"$""$""$"Württembergische Landesbibliothek Stuttgart"$"https://d-nb.info/gnd/40657-0"$"Stuttgart"$"https://d-nb.info/gnd/4058282-6"$"Württembergische Landesbibliothek Stuttgart"$"https://d-nb.info/gnd/40657-0"$"Stuttgart"$"https://d-nb.info/gnd/4058282-6"
"693"$"Cod. iur. 8° 1"$""$"https://digital.wlb-stuttgart.de/purl/kxp1822857082"$"https://digital.wlb-stuttgart.de/content/urn:nbn:de:bsz:24-digibib-kxp18228570822/jpg/thumbs/00000001.jpg"$"Komplett"$"Original"$"Standard"$"Einzelseite"$""$""$"Württembergische Landesbibliothek Stuttgart"$"https://d-nb.info/gnd/40657-0"$"Stuttgart"$"https://d-nb.info/gnd/4058282-6"$"Württembergische Landesbibliothek Stuttgart"$"https://d-nb.info/gnd/40657-0"$"Stuttgart"$"https://d-nb.info/gnd/4058282-6"
"694"$"Cod. math. 4° 32"$""$"https://digital.wlb-stuttgart.de/purl/kxp1881602036"$"https://digital.wlb-stuttgart.de/content/urn:nbn:de:bsz:24-digibib-kxp18816020366/jpg/thumbs/00000001.jpg"$"Komplett"$"Original"$"Standard"$"Einzelseite"$""$""$"Württembergische Landesbibliothek Stuttgart"$"https://d-nb.info/gnd/40657-0"$"Stuttgart"$"https://d-nb.info/gnd/4058282-6"$"Württembergische Landesbibliothek Stuttgart"$"https://d-nb.info/gnd/40657-0"$"Stuttgart"$"https://d-nb.info/gnd/4058282-6"
"695"$"Cod. poet. et phil. 2° 7"$""$"https://digital.wlb-stuttgart.de/purl/kxp1799727335"$"https://digital.wlb-stuttgart.de/content/urn:nbn:de:bsz:24-digibib-kxp17997273358/jpg/thumbs/00000001.jpg"$"Komplett"$"Original"$"Standard"$"Einzelseite"$""$""$"Württembergische Landesbibliothek Stuttgart"$"https://d-nb.info/gnd/40657-0"$"Stuttgart"$"https://d-nb.info/gnd/4058282-6"$"Württembergische Landesbibliothek Stuttgart"$"https://d-nb.info/gnd/40657-0"$"Stuttgart"$"https://d-nb.info/gnd/4058282-6"
"696"$"Cod. poet. et phil. 2° 96"$""$"https://digital.wlb-stuttgart.de/purl/bsz500435634"$"https://digital.wlb-stuttgart.de/content/urn:nbn:de:bsz:24-digibib-bsz5004356342/jpg/thumbs/00000001.jpg"$"Komplett"$"Original"$"Standard"$"Einzelseite"$""$""$"Württembergische Landesbibliothek Stuttgart"$"https://d-nb.info/gnd/40657-0"$"Stuttgart"$"https://d-nb.info/gnd/4058282-6"$"Württembergische Landesbibliothek Stuttgart"$"https://d-nb.info/gnd/40657-0"$"Stuttgart"$"https://d-nb.info/gnd/4058282-6"
"697"$"Cod. poet. et phil. 4° 12, 1"$""$"https://digital.wlb-stuttgart.de/purl/kxp190547282X"$"https://digital.wlb-stuttgart.de/content/urn:nbn:de:bsz:24-digibib-kxp190547282X0/jpg/thumbs/00000001.jpg"$"Komplett"$"Original"$"Standard"$"Einzelseite"$""$""$"Württembergische Landesbibliothek Stuttgart"$"https://d-nb.info/gnd/40657-0"$"Stuttgart"$"https://d-nb.info/gnd/4058282-6"$"Württembergische Landesbibliothek Stuttgart"$"https://d-nb.info/gnd/40657-0"$"Stuttgart"$"https://d-nb.info/gnd/4058282-6"
"698"$"Cod. poet. et phil. 4° 12, 2"$""$"https://digital.wlb-stuttgart.de/purl/kxp1905475438"$"https://digital.wlb-stuttgart.de/content/urn:nbn:de:bsz:24-digibib-kxp19054754385/jpg/thumbs/00000001.jpg"$"Komplett"$"Original"$"Standard"$"Einzelseite"$""$""$"Württembergische Landesbibliothek Stuttgart"$"https://d-nb.info/gnd/40657-0"$"Stuttgart"$"https://d-nb.info/gnd/4058282-6"$"Württembergische Landesbibliothek Stuttgart"$"https://d-nb.info/gnd/40657-0"$"Stuttgart"$"https://d-nb.info/gnd/4058282-6"
"699"$"Cod. poet. et phil. 4° 152"$""$"https://digital.wlb-stuttgart.de/purl/kxp1899120777"$"https://digital.wlb-stuttgart.de/content/urn:nbn:de:bsz:24-digibib-kxp18991207772/jpg/thumbs/00000001.jpg"$"Komplett"$"Original"$"Standard"$"Einzelseite"$""$""$"Württembergische Landesbibliothek Stuttgart"$"https://d-nb.info/gnd/40657-0"$"Stuttgart"$"https://d-nb.info/gnd/4058282-6"$"Württembergische Landesbibliothek Stuttgart"$"https://d-nb.info/gnd/40657-0"$"Stuttgart"$"https://d-nb.info/gnd/4058282-6"
"700"$"Cod. poet. et phil. 4° 225"$""$"https://digital.wlb-stuttgart.de/purl/kxp1800103956"$"https://digital.wlb-stuttgart.de/content/urn:nbn:de:bsz:24-digibib-kxp18001039562/jpg/thumbs/00000001.jpg"$"Komplett"$"Original"$"Standard"$"Einzelseite"$""$""$"Württembergische Landesbibliothek Stuttgart"$"https://d-nb.info/gnd/40657-0"$"Stuttgart"$"https://d-nb.info/gnd/4058282-6"$"Württembergische Landesbibliothek Stuttgart"$"https://d-nb.info/gnd/40657-0"$"Stuttgart"$"https://d-nb.info/gnd/4058282-6"
"701"$"Cod. poet. et phil. 4° 69"$""$"https://digital.wlb-stuttgart.de/purl/kxp1744878617"$"https://digital.wlb-stuttgart.de/content/urn:nbn:de:bsz:24-digibib-kxp17448786175/jpg/thumbs/00000001.jpg"$"Komplett"$"Original"$"Standard"$"Einzelseite"$""$""$"Württembergische Landesbibliothek Stuttgart"$"https://d-nb.info/gnd/40657-0"$"Stuttgart"$"https://d-nb.info/gnd/4058282-6"$"Württembergische Landesbibliothek Stuttgart"$"https://d-nb.info/gnd/40657-0"$"Stuttgart"$"https://d-nb.info/gnd/4058282-6"
"702"$"Cod. poet. et phil. 4° 83"$""$"https://digital.wlb-stuttgart.de/purl/kxp1799728536"$"https://digital.wlb-stuttgart.de/content/urn:nbn:de:bsz:24-digibib-kxp17997285367/jpg/thumbs/00000001.jpg"$"Komplett"$"Original"$"Standard"$"Einzelseite"$""$""$"Württembergische Landesbibliothek Stuttgart"$"https://d-nb.info/gnd/40657-0"$"Stuttgart"$"https://d-nb.info/gnd/4058282-6"$"Württembergische Landesbibliothek Stuttgart"$"https://d-nb.info/gnd/40657-0"$"Stuttgart"$"https://d-nb.info/gnd/4058282-6"
"703"$"Cod. theol. et phil. 2° 10"$""$"https://digital.wlb-stuttgart.de/purl/kxp1918927502"$"https://digital.wlb-stuttgart.de/content/urn:nbn:de:bsz:24-digibib-kxp19189275025/jpg/thumbs/00000001.jpg"$"Komplett"$"Original"$"Standard"$"Einzelseite"$""$""$"Württembergische Landesbibliothek Stuttgart"$"https://d-nb.info/gnd/40657-0"$"Stuttgart"$"https://d-nb.info/gnd/4058282-6"$"Württembergische Landesbibliothek Stuttgart"$"https://d-nb.info/gnd/40657-0"$"Stuttgart"$"https://d-nb.info/gnd/4058282-6"
"704"$"Cod. theol. et phil. 2° 14"$""$"https://digital.wlb-stuttgart.de/purl/kxp1843736500"$"https://digital.wlb-stuttgart.de/content/urn:nbn:de:bsz:24-digibib-kxp18437365005/jpg/thumbs/00000001.jpg"$"Komplett"$"Original"$"Standard"$"Einzelseite"$""$""$"Württembergische Landesbibliothek Stuttgart"$"https://d-nb.info/gnd/40657-0"$"Stuttgart"$"https://d-nb.info/gnd/4058282-6"$"Württembergische Landesbibliothek Stuttgart"$"https://d-nb.info/gnd/40657-0"$"Stuttgart"$"https://d-nb.info/gnd/4058282-6"
"705"$"Cod. theol. et phil. 2° 39"$""$"https://digital.wlb-stuttgart.de/purl/kxp1837275017"$"https://digital.wlb-stuttgart.de/content/urn:nbn:de:bsz:24-digibib-kxp18372750170/jpg/thumbs/00000001.jpg"$"Komplett"$"Original"$"Standard"$"Einzelseite"$""$""$"Württembergische Landesbibliothek Stuttgart"$"https://d-nb.info/gnd/40657-0"$"Stuttgart"$"https://d-nb.info/gnd/4058282-6"$"Württembergische Landesbibliothek Stuttgart"$"https://d-nb.info/gnd/40657-0"$"Stuttgart"$"https://d-nb.info/gnd/4058282-6"
"706"$"Cod. theol. et phil. 4° 24"$""$"https://digital.wlb-stuttgart.de/purl/kxp1871612799"$"https://digital.wlb-stuttgart.de/content/urn:nbn:de:bsz:24-digibib-kxp18716127994/jpg/thumbs/00000001.jpg"$"Komplett"$"Original"$"Standard"$"Einzelseite"$""$""$"Württembergische Landesbibliothek Stuttgart"$"https://d-nb.info/gnd/40657-0"$"Stuttgart"$"https://d-nb.info/gnd/4058282-6"$"Württembergische Landesbibliothek Stuttgart"$"https://d-nb.info/gnd/40657-0"$"Stuttgart"$"https://d-nb.info/gnd/4058282-6"
"707"$"Cod. theol. et phil. 4° 255"$""$"https://digital.wlb-stuttgart.de/purl/kxp1927946050"$"https://digital.wlb-stuttgart.de/content/urn:nbn:de:bsz:24-digibib-kxp19279460507/jpg/thumbs/00000001.jpg"$"Komplett"$"Original"$"Standard"$"Einzelseite"$""$""$"Württembergische Landesbibliothek Stuttgart"$"https://d-nb.info/gnd/40657-0"$"Stuttgart"$"https://d-nb.info/gnd/4058282-6"$"Württembergische Landesbibliothek Stuttgart"$"https://d-nb.info/gnd/40657-0"$"Stuttgart"$"https://d-nb.info/gnd/4058282-6"
"708"$"Cod. theol. et phil. 4° 9"$""$"https://digital.wlb-stuttgart.de/purl/kxp1899438920"$"https://digital.wlb-stuttgart.de/content/urn:nbn:de:bsz:24-digibib-kxp18994389200/jpg/thumbs/00000001.jpg"$"Komplett"$"Original"$"Standard"$"Einzelseite"$""$""$"Württembergische Landesbibliothek Stuttgart"$"https://d-nb.info/gnd/40657-0"$"Stuttgart"$"https://d-nb.info/gnd/4058282-6"$"Württembergische Landesbibliothek Stuttgart"$"https://d-nb.info/gnd/40657-0"$"Stuttgart"$"https://d-nb.info/gnd/4058282-6"
"709"$"HB I 140"$""$"https://digital.wlb-stuttgart.de/purl/kxp1871599032"$"https://digital.wlb-stuttgart.de/content/urn:nbn:de:bsz:24-digibib-kxp18715990325/jpg/thumbs/00000001.jpg"$"Komplett"$"Original"$"Standard"$"Einzelseite"$""$""$"Württembergische Landesbibliothek Stuttgart"$"https://d-nb.info/gnd/40657-0"$"Stuttgart"$"https://d-nb.info/gnd/4058282-6"$"Württembergische Landesbibliothek Stuttgart"$"https://d-nb.info/gnd/40657-0"$"Stuttgart"$"https://d-nb.info/gnd/4058282-6"
"710"$"HB I 27"$""$"https://digital.wlb-stuttgart.de/purl/kxp1871680565"$"https://digital.wlb-stuttgart.de/content/urn:nbn:de:bsz:24-digibib-kxp18716805657/jpg/thumbs/00000001.jpg"$"Komplett"$"Original"$"Standard"$"Einzelseite"$""$""$"Württembergische Landesbibliothek Stuttgart"$"https://d-nb.info/gnd/40657-0"$"Stuttgart"$"https://d-nb.info/gnd/4058282-6"$"Württembergische Landesbibliothek Stuttgart"$"https://d-nb.info/gnd/40657-0"$"Stuttgart"$"https://d-nb.info/gnd/4058282-6"
"711"$"HB I 55"$""$"https://digital.wlb-stuttgart.de/purl/kxp1830914189"$"https://digital.wlb-stuttgart.de/content/urn:nbn:de:bsz:24-digibib-kxp18309141896/jpg/thumbs/00000001.jpg"$"Komplett"$"Original"$"Standard"$"Einzelseite"$""$""$"Württembergische Landesbibliothek Stuttgart"$"https://d-nb.info/gnd/40657-0"$"Stuttgart"$"https://d-nb.info/gnd/4058282-6"$"Württembergische Landesbibliothek Stuttgart"$"https://d-nb.info/gnd/40657-0"$"Stuttgart"$"https://d-nb.info/gnd/4058282-6"
"712"$"HB II 29"$""$"https://digital.wlb-stuttgart.de/purl/kxp1780636156"$"https://digital.wlb-stuttgart.de/content/urn:nbn:de:bsz:24-digibib-kxp17806361569/jpg/thumbs/00000001.jpg"$"Komplett"$"Original"$"Standard"$"Einzelseite"$""$""$"Württembergische Landesbibliothek Stuttgart"$"https://d-nb.info/gnd/40657-0"$"Stuttgart"$"https://d-nb.info/gnd/4058282-6"$"Württembergische Landesbibliothek Stuttgart"$"https://d-nb.info/gnd/40657-0"$"Stuttgart"$"https://d-nb.info/gnd/4058282-6"
"713"$"HB II 53"$""$"https://digital.wlb-stuttgart.de/purl/kxp1820066592"$"https://digital.wlb-stuttgart.de/content/urn:nbn:de:bsz:24-digibib-kxp18200665920/jpg/thumbs/00000001.jpg"$"Komplett"$"Original"$"Standard"$"Einzelseite"$""$""$"Württembergische Landesbibliothek Stuttgart"$"https://d-nb.info/gnd/40657-0"$"Stuttgart"$"https://d-nb.info/gnd/4058282-6"$"Württembergische Landesbibliothek Stuttgart"$"https://d-nb.info/gnd/40657-0"$"Stuttgart"$"https://d-nb.info/gnd/4058282-6"
"714"$"HB III 23"$""$"https://digital.wlb-stuttgart.de/purl/kxp1843710390"$"https://digital.wlb-stuttgart.de/content/urn:nbn:de:bsz:24-digibib-kxp18437103907/jpg/thumbs/00000001.jpg"$"Komplett"$"Original"$"Standard"$"Einzelseite"$""$""$"Württembergische Landesbibliothek Stuttgart"$"https://d-nb.info/gnd/40657-0"$"Stuttgart"$"https://d-nb.info/gnd/4058282-6"$"Württembergische Landesbibliothek Stuttgart"$"https://d-nb.info/gnd/40657-0"$"Stuttgart"$"https://d-nb.info/gnd/4058282-6"
"715"$"HB III 39"$""$"https://digital.wlb-stuttgart.de/purl/kxp1820647013"$"https://digital.wlb-stuttgart.de/content/urn:nbn:de:bsz:24-digibib-kxp18206470131/jpg/thumbs/00000001.jpg"$"Komplett"$"Original"$"Standard"$"Einzelseite"$""$""$"Württembergische Landesbibliothek Stuttgart"$"https://d-nb.info/gnd/40657-0"$"Stuttgart"$"https://d-nb.info/gnd/4058282-6"$"Württembergische Landesbibliothek Stuttgart"$"https://d-nb.info/gnd/40657-0"$"Stuttgart"$"https://d-nb.info/gnd/4058282-6"
"716"$"HB IV 24"$""$"https://digital.wlb-stuttgart.de/purl/kxp1780641559"$"https://digital.wlb-stuttgart.de/content/urn:nbn:de:bsz:24-digibib-kxp17806415599/jpg/thumbs/00000001.jpg"$"Komplett"$"Original"$"Standard"$"Einzelseite"$""$""$"Württembergische Landesbibliothek Stuttgart"$"https://d-nb.info/gnd/40657-0"$"Stuttgart"$"https://d-nb.info/gnd/4058282-6"$"Württembergische Landesbibliothek Stuttgart"$"https://d-nb.info/gnd/40657-0"$"Stuttgart"$"https://d-nb.info/gnd/4058282-6"
"717"$"HB V 103"$""$"https://digital.wlb-stuttgart.de/purl/kxp1852327510"$"https://digital.wlb-stuttgart.de/content/urn:nbn:de:bsz:24-digibib-kxp18523275106/jpg/thumbs/00000001.jpg"$"Komplett"$"Original"$"Standard"$"Einzelseite"$""$""$"Württembergische Landesbibliothek Stuttgart"$"https://d-nb.info/gnd/40657-0"$"Stuttgart"$"https://d-nb.info/gnd/4058282-6"$"Württembergische Landesbibliothek Stuttgart"$"https://d-nb.info/gnd/40657-0"$"Stuttgart"$"https://d-nb.info/gnd/4058282-6"
"718"$"HB V 23"$""$"https://digital.wlb-stuttgart.de/purl/kxp1885084870"$"https://digital.wlb-stuttgart.de/content/urn:nbn:de:bsz:24-digibib-kxp18850848705/jpg/thumbs/00000001.jpg"$"Komplett"$"Original"$"Standard"$"Einzelseite"$""$""$"Württembergische Landesbibliothek Stuttgart"$"https://d-nb.info/gnd/40657-0"$"Stuttgart"$"https://d-nb.info/gnd/4058282-6"$"Württembergische Landesbibliothek Stuttgart"$"https://d-nb.info/gnd/40657-0"$"Stuttgart"$"https://d-nb.info/gnd/4058282-6"
"719"$"HB V 24"$""$"https://digital.wlb-stuttgart.de/purl/kxp187841089X"$"https://digital.wlb-stuttgart.de/content/urn:nbn:de:bsz:24-digibib-kxp187841089X0/jpg/thumbs/00000001.jpg"$"Komplett"$"Original"$"Standard"$"Einzelseite"$""$""$"Württembergische Landesbibliothek Stuttgart"$"https://d-nb.info/gnd/40657-0"$"Stuttgart"$"https://d-nb.info/gnd/4058282-6"$"Württembergische Landesbibliothek Stuttgart"$"https://d-nb.info/gnd/40657-0"$"Stuttgart"$"https://d-nb.info/gnd/4058282-6"
"720"$"HB V 29"$""$"https://digital.wlb-stuttgart.de/purl/kxp1899118152"$"https://digital.wlb-stuttgart.de/content/urn:nbn:de:bsz:24-digibib-kxp18991181522/jpg/thumbs/00000001.jpg"$"Komplett"$"Original"$"Standard"$"Einzelseite"$""$""$"Württembergische Landesbibliothek Stuttgart"$"https://d-nb.info/gnd/40657-0"$"Stuttgart"$"https://d-nb.info/gnd/4058282-6"$"Württembergische Landesbibliothek Stuttgart"$"https://d-nb.info/gnd/40657-0"$"Stuttgart"$"https://d-nb.info/gnd/4058282-6"
"721"$"HB V 40"$""$"https://digital.wlb-stuttgart.de/purl/kxp1815695706"$"https://digital.wlb-stuttgart.de/content/urn:nbn:de:bsz:24-digibib-kxp18156957063/jpg/thumbs/00000001.jpg"$"Komplett"$"Original"$"Standard"$"Einzelseite"$""$""$"Württembergische Landesbibliothek Stuttgart"$"https://d-nb.info/gnd/40657-0"$"Stuttgart"$"https://d-nb.info/gnd/4058282-6"$"Württembergische Landesbibliothek Stuttgart"$"https://d-nb.info/gnd/40657-0"$"Stuttgart"$"https://d-nb.info/gnd/4058282-6"
"722"$"HB V 53"$""$"https://digital.wlb-stuttgart.de/purl/kxp1728483727"$"https://digital.wlb-stuttgart.de/content/urn:nbn:de:bsz:24-digibib-kxp17284837274/jpg/thumbs/00000001.jpg"$"Komplett"$"Original"$"Standard"$"Einzelseite"$""$""$"Württembergische Landesbibliothek Stuttgart"$"https://d-nb.info/gnd/40657-0"$"Stuttgart"$"https://d-nb.info/gnd/4058282-6"$"Württembergische Landesbibliothek Stuttgart"$"https://d-nb.info/gnd/40657-0"$"Stuttgart"$"https://d-nb.info/gnd/4058282-6"
"723"$"HB VI 138"$""$"https://digital.wlb-stuttgart.de/purl/kxp187168207X"$"https://digital.wlb-stuttgart.de/content/urn:nbn:de:bsz:24-digibib-kxp187168207X9/jpg/thumbs/00000001.jpg"$"Komplett"$"Original"$"Standard"$"Einzelseite"$""$""$"Württembergische Landesbibliothek Stuttgart"$"https://d-nb.info/gnd/40657-0"$"Stuttgart"$"https://d-nb.info/gnd/4058282-6"$"Württembergische Landesbibliothek Stuttgart"$"https://d-nb.info/gnd/40657-0"$"Stuttgart"$"https://d-nb.info/gnd/4058282-6"
"724"$"HB VI 64"$""$"https://digital.wlb-stuttgart.de/purl/bsz381330338"$"https://digital.wlb-stuttgart.de/content/urn:nbn:de:bsz:24-digibib-bsz3813303387/jpg/thumbs/00000001.jpg"$"Komplett"$"Original"$"Standard"$"Einzelseite"$""$""$"Württembergische Landesbibliothek Stuttgart"$"https://d-nb.info/gnd/40657-0"$"Stuttgart"$"https://d-nb.info/gnd/4058282-6"$"Württembergische Landesbibliothek Stuttgart"$"https://d-nb.info/gnd/40657-0"$"Stuttgart"$"https://d-nb.info/gnd/4058282-6"
"725"$"HB VII 3"$""$"https://digital.wlb-stuttgart.de/purl/kxp1871599881"$"https://digital.wlb-stuttgart.de/content/urn:nbn:de:bsz:24-digibib-kxp18715998815/jpg/thumbs/00000001.jpg"$"Komplett"$"Original"$"Standard"$"Einzelseite"$""$""$"Württembergische Landesbibliothek Stuttgart"$"https://d-nb.info/gnd/40657-0"$"Stuttgart"$"https://d-nb.info/gnd/4058282-6"$"Württembergische Landesbibliothek Stuttgart"$"https://d-nb.info/gnd/40657-0"$"Stuttgart"$"https://d-nb.info/gnd/4058282-6"
"726"$"HB VII 41"$""$"https://digital.wlb-stuttgart.de/purl/kxp1885823851"$"https://digital.wlb-stuttgart.de/content/urn:nbn:de:bsz:24-digibib-kxp18858238512/jpg/thumbs/00000001.jpg"$"Komplett"$"Original"$"Standard"$"Einzelseite"$""$""$"Württembergische Landesbibliothek Stuttgart"$"https://d-nb.info/gnd/40657-0"$"Stuttgart"$"https://d-nb.info/gnd/4058282-6"$"Württembergische Landesbibliothek Stuttgart"$"https://d-nb.info/gnd/40657-0"$"Stuttgart"$"https://d-nb.info/gnd/4058282-6"
"727"$"HB VII 64"$""$"https://digital.wlb-stuttgart.de/purl/kxp1927868777"$"https://digital.wlb-stuttgart.de/content/urn:nbn:de:bsz:24-digibib-kxp19278687778/jpg/thumbs/00000001.jpg"$"Komplett"$"Original"$"Standard"$"Einzelseite"$""$""$"Württembergische Landesbibliothek Stuttgart"$"https://d-nb.info/gnd/40657-0"$"Stuttgart"$"https://d-nb.info/gnd/4058282-6"$"Württembergische Landesbibliothek Stuttgart"$"https://d-nb.info/gnd/40657-0"$"Stuttgart"$"https://d-nb.info/gnd/4058282-6"
"728"$"HB X 11"$""$"https://digital.wlb-stuttgart.de/purl/kxp1815999063"$"https://digital.wlb-stuttgart.de/content/urn:nbn:de:bsz:24-digibib-kxp18159990638/jpg/thumbs/00000001.jpg"$"Komplett"$"Original"$"Standard"$"Einzelseite"$""$""$"Württembergische Landesbibliothek Stuttgart"$"https://d-nb.info/gnd/40657-0"$"Stuttgart"$"https://d-nb.info/gnd/4058282-6"$"Württembergische Landesbibliothek Stuttgart"$"https://d-nb.info/gnd/40657-0"$"Stuttgart"$"https://d-nb.info/gnd/4058282-6"
"729"$"HB XI 22"$""$"https://digital.wlb-stuttgart.de/purl/kxp1820332535"$"https://digital.wlb-stuttgart.de/content/urn:nbn:de:bsz:24-digibib-kxp18203325354/jpg/thumbs/00000001.jpg"$"Komplett"$"Original"$"Standard"$"Einzelseite"$""$""$"Württembergische Landesbibliothek Stuttgart"$"https://d-nb.info/gnd/40657-0"$"Stuttgart"$"https://d-nb.info/gnd/4058282-6"$"Württembergische Landesbibliothek Stuttgart"$"https://d-nb.info/gnd/40657-0"$"Stuttgart"$"https://d-nb.info/gnd/4058282-6"
"730"$"HB XI 23"$""$"https://digital.wlb-stuttgart.de/purl/kxp1820332675"$"https://digital.wlb-stuttgart.de/content/urn:nbn:de:bsz:24-digibib-kxp18203326758/jpg/thumbs/00000001.jpg"$"Komplett"$"Original"$"Standard"$"Einzelseite"$""$""$"Württembergische Landesbibliothek Stuttgart"$"https://d-nb.info/gnd/40657-0"$"Stuttgart"$"https://d-nb.info/gnd/4058282-6"$"Württembergische Landesbibliothek Stuttgart"$"https://d-nb.info/gnd/40657-0"$"Stuttgart"$"https://d-nb.info/gnd/4058282-6"
"731"$"HB XI 28"$""$"https://digital.wlb-stuttgart.de/purl/kxp187161208X"$"https://digital.wlb-stuttgart.de/content/urn:nbn:de:bsz:24-digibib-kxp187161208X8/jpg/thumbs/00000001.jpg"$"Komplett"$"Original"$"Standard"$"Einzelseite"$""$""$"Württembergische Landesbibliothek Stuttgart"$"https://d-nb.info/gnd/40657-0"$"Stuttgart"$"https://d-nb.info/gnd/4058282-6"$"Württembergische Landesbibliothek Stuttgart"$"https://d-nb.info/gnd/40657-0"$"Stuttgart"$"https://d-nb.info/gnd/4058282-6"
"732"$"HB XII 10"$""$"https://digital.wlb-stuttgart.de/purl/kxp1843711729"$"https://digital.wlb-stuttgart.de/content/urn:nbn:de:bsz:24-digibib-kxp18437117299/jpg/thumbs/00000001.jpg"$"Komplett"$"Original"$"Standard"$"Einzelseite"$""$""$"Württembergische Landesbibliothek Stuttgart"$"https://d-nb.info/gnd/40657-0"$"Stuttgart"$"https://d-nb.info/gnd/4058282-6"$"Württembergische Landesbibliothek Stuttgart"$"https://d-nb.info/gnd/40657-0"$"Stuttgart"$"https://d-nb.info/gnd/4058282-6"
"733"$"HB XIV 5"$""$"https://digital.wlb-stuttgart.de/purl/kxp1913713113"$"https://digital.wlb-stuttgart.de/content/urn:nbn:de:bsz:24-digibib-kxp19137131132/jpg/thumbs/00000001.jpg"$"Komplett"$"Original"$"Standard"$"Einzelseite"$""$""$"Württembergische Landesbibliothek Stuttgart"$"https://d-nb.info/gnd/40657-0"$"Stuttgart"$"https://d-nb.info/gnd/4058282-6"$"Württembergische Landesbibliothek Stuttgart"$"https://d-nb.info/gnd/40657-0"$"Stuttgart"$"https://d-nb.info/gnd/4058282-6"
"734"$"HB XVII 10"$""$"https://digital.wlb-stuttgart.de/purl/bsz409506311"$"https://digital.wlb-stuttgart.de/content/urn:nbn:de:bsz:24-digibib-bsz4095063116/jpg/thumbs/00000001.jpg"$"Komplett"$"Original"$"Standard"$"Einzelseite"$""$""$"Württembergische Landesbibliothek Stuttgart"$"https://d-nb.info/gnd/40657-0"$"Stuttgart"$"https://d-nb.info/gnd/4058282-6"$"Württembergische Landesbibliothek Stuttgart"$"https://d-nb.info/gnd/40657-0"$"Stuttgart"$"https://d-nb.info/gnd/4058282-6"
"735"$"HB XVII 11"$""$"https://digital.wlb-stuttgart.de/purl/bsz409511331"$"https://digital.wlb-stuttgart.de/content/urn:nbn:de:bsz:24-digibib-bsz4095113314/jpg/thumbs/00000001.jpg"$"Komplett"$"Original"$"Standard"$"Einzelseite"$""$""$"Württembergische Landesbibliothek Stuttgart"$"https://d-nb.info/gnd/40657-0"$"Stuttgart"$"https://d-nb.info/gnd/4058282-6"$"Württembergische Landesbibliothek Stuttgart"$"https://d-nb.info/gnd/40657-0"$"Stuttgart"$"https://d-nb.info/gnd/4058282-6"
"736"$"HB XVII 14"$""$"https://digital.wlb-stuttgart.de/purl/bsz409513156"$"https://digital.wlb-stuttgart.de/content/urn:nbn:de:bsz:24-digibib-bsz4095131562/jpg/thumbs/00000001.jpg"$"Komplett"$"Original"$"Standard"$"Einzelseite"$""$""$"Württembergische Landesbibliothek Stuttgart"$"https://d-nb.info/gnd/40657-0"$"Stuttgart"$"https://d-nb.info/gnd/4058282-6"$"Württembergische Landesbibliothek Stuttgart"$"https://d-nb.info/gnd/40657-0"$"Stuttgart"$"https://d-nb.info/gnd/4058282-6"
"737"$"HB XVII 16"$""$"https://digital.wlb-stuttgart.de/purl/bsz409514551"$"https://digital.wlb-stuttgart.de/content/urn:nbn:de:bsz:24-digibib-bsz4095145518/jpg/thumbs/00000001.jpg"$"Komplett"$"Original"$"Standard"$"Einzelseite"$""$""$"Württembergische Landesbibliothek Stuttgart"$"https://d-nb.info/gnd/40657-0"$"Stuttgart"$"https://d-nb.info/gnd/4058282-6"$"Württembergische Landesbibliothek Stuttgart"$"https://d-nb.info/gnd/40657-0"$"Stuttgart"$"https://d-nb.info/gnd/4058282-6"
"738"$"HB XVII 18"$""$"https://digital.wlb-stuttgart.de/purl/bsz409515558"$"https://digital.wlb-stuttgart.de/content/urn:nbn:de:bsz:24-digibib-bsz4095155587/jpg/thumbs/00000001.jpg"$"Komplett"$"Original"$"Standard"$"Einzelseite"$""$""$"Württembergische Landesbibliothek Stuttgart"$"https://d-nb.info/gnd/40657-0"$"Stuttgart"$"https://d-nb.info/gnd/4058282-6"$"Württembergische Landesbibliothek Stuttgart"$"https://d-nb.info/gnd/40657-0"$"Stuttgart"$"https://d-nb.info/gnd/4058282-6"
"739"$"HB XVII 21"$""$"https://digital.wlb-stuttgart.de/purl/bsz409524166"$"https://digital.wlb-stuttgart.de/content/urn:nbn:de:bsz:24-digibib-bsz4095241669/jpg/thumbs/00000001.jpg"$"Komplett"$"Original"$"Standard"$"Einzelseite"$""$""$"Württembergische Landesbibliothek Stuttgart"$"https://d-nb.info/gnd/40657-0"$"Stuttgart"$"https://d-nb.info/gnd/4058282-6"$"Württembergische Landesbibliothek Stuttgart"$"https://d-nb.info/gnd/40657-0"$"Stuttgart"$"https://d-nb.info/gnd/4058282-6"
"740"$"HB XVII 22"$""$"https://digital.wlb-stuttgart.de/purl/bsz409525391"$"https://digital.wlb-stuttgart.de/content/urn:nbn:de:bsz:24-digibib-bsz4095253915/jpg/thumbs/00000001.jpg"$"Komplett"$"Original"$"Standard"$"Einzelseite"$""$""$"Württembergische Landesbibliothek Stuttgart"$"https://d-nb.info/gnd/40657-0"$"Stuttgart"$"https://d-nb.info/gnd/4058282-6"$"Württembergische Landesbibliothek Stuttgart"$"https://d-nb.info/gnd/40657-0"$"Stuttgart"$"https://d-nb.info/gnd/4058282-6"
"741"$"HB XVII 28c"$""$"https://digital.wlb-stuttgart.de/purl/bsz410005940"$"https://digital.wlb-stuttgart.de/content/urn:nbn:de:bsz:24-digibib-bsz4100059406/jpg/thumbs/00000001.jpg"$"Komplett"$"Original"$"Standard"$"Einzelseite"$""$""$"Württembergische Landesbibliothek Stuttgart"$"https://d-nb.info/gnd/40657-0"$"Stuttgart"$"https://d-nb.info/gnd/4058282-6"$"Württembergische Landesbibliothek Stuttgart"$"https://d-nb.info/gnd/40657-0"$"Stuttgart"$"https://d-nb.info/gnd/4058282-6"
"742"$"HB XVII 28d"$""$"https://digital.wlb-stuttgart.de/purl/bsz410006327"$"https://digital.wlb-stuttgart.de/content/urn:nbn:de:bsz:24-digibib-bsz4100063273/jpg/thumbs/00000001.jpg"$"Komplett"$"Original"$"Standard"$"Einzelseite"$""$""$"Württembergische Landesbibliothek Stuttgart"$"https://d-nb.info/gnd/40657-0"$"Stuttgart"$"https://d-nb.info/gnd/4058282-6"$"Württembergische Landesbibliothek Stuttgart"$"https://d-nb.info/gnd/40657-0"$"Stuttgart"$"https://d-nb.info/gnd/4058282-6"
"743"$"HB XVII 28f"$""$"https://digital.wlb-stuttgart.de/purl/bsz410007102"$"https://digital.wlb-stuttgart.de/content/urn:nbn:de:bsz:24-digibib-bsz4100071022/jpg/thumbs/00000001.jpg"$"Komplett"$"Original"$"Standard"$"Einzelseite"$""$""$"Württembergische Landesbibliothek Stuttgart"$"https://d-nb.info/gnd/40657-0"$"Stuttgart"$"https://d-nb.info/gnd/4058282-6"$"Württembergische Landesbibliothek Stuttgart"$"https://d-nb.info/gnd/40657-0"$"Stuttgart"$"https://d-nb.info/gnd/4058282-6"
"744"$"HB XVII 28h"$""$"https://digital.wlb-stuttgart.de/purl/bsz410007412"$"https://digital.wlb-stuttgart.de/content/urn:nbn:de:bsz:24-digibib-bsz4100074127/jpg/thumbs/00000001.jpg"$"Komplett"$"Original"$"Standard"$"Einzelseite"$""$""$"Württembergische Landesbibliothek Stuttgart"$"https://d-nb.info/gnd/40657-0"$"Stuttgart"$"https://d-nb.info/gnd/4058282-6"$"Württembergische Landesbibliothek Stuttgart"$"https://d-nb.info/gnd/40657-0"$"Stuttgart"$"https://d-nb.info/gnd/4058282-6"
"745"$"HB XVII 5"$""$"https://digital.wlb-stuttgart.de/purl/bsz409501263"$"https://digital.wlb-stuttgart.de/content/urn:nbn:de:bsz:24-digibib-bsz4095012637/jpg/thumbs/00000001.jpg"$"Komplett"$"Original"$"Standard"$"Einzelseite"$""$""$"Württembergische Landesbibliothek Stuttgart"$"https://d-nb.info/gnd/40657-0"$"Stuttgart"$"https://d-nb.info/gnd/4058282-6"$"Württembergische Landesbibliothek Stuttgart"$"https://d-nb.info/gnd/40657-0"$"Stuttgart"$"https://d-nb.info/gnd/4058282-6"
"746"$"HB XVII 6"$""$"https://digital.wlb-stuttgart.de/purl/bsz409503266"$"https://digital.wlb-stuttgart.de/content/urn:nbn:de:bsz:24-digibib-bsz4095032662/jpg/thumbs/00000001.jpg"$"Komplett"$"Original"$"Standard"$"Einzelseite"$""$""$"Württembergische Landesbibliothek Stuttgart"$"https://d-nb.info/gnd/40657-0"$"Stuttgart"$"https://d-nb.info/gnd/4058282-6"$"Württembergische Landesbibliothek Stuttgart"$"https://d-nb.info/gnd/40657-0"$"Stuttgart"$"https://d-nb.info/gnd/4058282-6"
"747"$"HB XVII 7"$""$"https://digital.wlb-stuttgart.de/purl/bsz409504157"$"https://digital.wlb-stuttgart.de/content/urn:nbn:de:bsz:24-digibib-bsz4095041579/jpg/thumbs/00000001.jpg"$"Komplett"$"Original"$"Standard"$"Einzelseite"$""$""$"Württembergische Landesbibliothek Stuttgart"$"https://d-nb.info/gnd/40657-0"$"Stuttgart"$"https://d-nb.info/gnd/4058282-6"$"Württembergische Landesbibliothek Stuttgart"$"https://d-nb.info/gnd/40657-0"$"Stuttgart"$"https://d-nb.info/gnd/4058282-6"
"748"$"HB XVII 8"$""$"https://digital.wlb-stuttgart.de/purl/bsz40950498X"$"https://digital.wlb-stuttgart.de/content/urn:nbn:de:bsz:24-digibib-bsz40950498X2/jpg/thumbs/00000001.jpg"$"Komplett"$"Original"$"Standard"$"Einzelseite"$""$""$"Württembergische Landesbibliothek Stuttgart"$"https://d-nb.info/gnd/40657-0"$"Stuttgart"$"https://d-nb.info/gnd/4058282-6"$"Württembergische Landesbibliothek Stuttgart"$"https://d-nb.info/gnd/40657-0"$"Stuttgart"$"https://d-nb.info/gnd/4058282-6"
"749"$"HB XVII 9"$""$"https://digital.wlb-stuttgart.de/purl/bsz409505781"$"https://digital.wlb-stuttgart.de/content/urn:nbn:de:bsz:24-digibib-bsz4095057810/jpg/thumbs/00000001.jpg"$"Komplett"$"Original"$"Standard"$"Einzelseite"$""$""$"Württembergische Landesbibliothek Stuttgart"$"https://d-nb.info/gnd/40657-0"$"Stuttgart"$"https://d-nb.info/gnd/4058282-6"$"Württembergische Landesbibliothek Stuttgart"$"https://d-nb.info/gnd/40657-0"$"Stuttgart"$"https://d-nb.info/gnd/4058282-6"